float input_vector[1000][16] = {{0.9041074 ,0.40209338,0.82083887,0.67871845,0.40209338,0.9336209 ,
  0.7694313 ,0.79544836,0.82083887,0.7694313 ,0.6775965 ,0.2716337 ,
  0.67871845,0.79544836,0.2716337 ,0.14340138},
{0.7389906 ,0.63386065,0.08771805,0.76873404,0.63386065,0.33413517,
  0.7037791 ,0.8341651 ,0.08771805,0.7037791 ,0.65113574,0.9134358 ,
  0.76873404,0.8341651 ,0.9134358 ,0.4292223 },
{0.84969014,0.56420237,0.7996887 ,0.80859107,0.56420237,0.58599985,
  0.402507  ,0.45662224,0.7996887 ,0.402507  ,0.96318907,0.48376614,
  0.80859107,0.45662224,0.48376614,0.821807  },
{0.09456217,0.41447654,0.43493673,0.531704  ,0.41447654,0.552692  ,
  0.7078067 ,0.91336334,0.43493673,0.7078067 ,0.87416303,0.9506558 ,
  0.531704  ,0.91336334,0.9506558 ,0.56175554},
{0.7730768 ,0.5625176 ,0.01528565,0.46204075,0.5625176 ,0.95873916,
  0.8482501 ,0.99259907,0.01528565,0.8482501 ,0.48022962,0.57041806,
  0.46204075,0.99259907,0.57041806,0.57653415},
{0.30880642,0.64232135,0.2485471 ,0.46705887,0.64232135,0.6436904 ,
  0.10792497,0.6264542 ,0.2485471 ,0.10792497,0.9915397 ,0.5094503 ,
  0.46705887,0.6264542 ,0.5094503 ,0.8079215 },
{0.36358577,0.84354305,0.73511654,0.8575357 ,0.84354305,0.7307018 ,
  0.4149172 ,0.5802539 ,0.73511654,0.4149172 ,0.2821946 ,0.2047233 ,
  0.8575357 ,0.5802539 ,0.2047233 ,0.93572384},
{0.97402245,0.1214346 ,0.07967995,0.25614902,0.1214346 ,0.19010061,
  0.10515667,0.22740014,0.07967995,0.10515667,0.7537355 ,0.43199682,
  0.25614902,0.22740014,0.43199682,0.14813761},
{0.4015353 ,0.57445556,0.05160615,0.30636305,0.57445556,0.5606036 ,
  0.48996863,0.35430393,0.05160615,0.48996863,0.613906  ,0.08477099,
  0.30636305,0.35430393,0.08477099,0.56123996},
{0.78488207,0.76525724,0.07932707,0.6916225 ,0.76525724,0.9965809 ,
  0.56029683,0.49840456,0.07932707,0.56029683,0.68958366,0.57668746,
  0.6916225 ,0.49840456,0.57668746,0.45760033},
{0.9999178 ,0.40403056,0.71414614,0.72003907,0.40403056,0.03247326,
  0.6526625 ,0.45097893,0.71414614,0.6526625 ,0.45402128,0.4876106 ,
  0.72003907,0.45097893,0.4876106 ,0.5890032 },
{0.7576115 ,0.7346858 ,0.07618998,0.9241861 ,0.7346858 ,0.9472332 ,
  0.31260017,0.42597982,0.07618998,0.31260017,0.37209988,0.35586682,
  0.9241861 ,0.42597982,0.35586682,0.7252007 },
{0.6826012 ,0.643955  ,0.5633505 ,0.23793165,0.643955  ,0.5099513 ,
  0.22538276,0.6060023 ,0.5633505 ,0.22538276,0.92573005,0.28435627,
  0.23793165,0.6060023 ,0.28435627,0.61110234},
{0.4453191 ,0.04405228,0.6564987 ,0.65083647,0.04405228,0.3774339 ,
  0.867312  ,0.68685454,0.6564987 ,0.867312  ,0.46819618,0.25252554,
  0.65083647,0.68685454,0.25252554,0.06168216},
{0.48930266,0.5604552 ,0.8998284 ,0.6619511 ,0.5604552 ,0.8694659 ,
  0.9968601 ,0.43701088,0.8998284 ,0.9968601 ,0.43160796,0.1566131 ,
  0.6619511 ,0.43701088,0.1566131 ,0.43081954},
{0.8205744 ,0.10015303,0.7338876 ,0.14402355,0.10015303,0.48224214,
  0.92598134,0.7182027 ,0.7338876 ,0.92598134,0.9762486 ,0.58525735,
  0.14402355,0.7182027 ,0.58525735,0.97467613},
{0.4625691 ,0.09044254,0.6910931 ,0.6543528 ,0.09044254,0.7209086 ,
  0.6523533 ,0.00495536,0.6910931 ,0.6523533 ,0.10367187,0.50405383,
  0.6543528 ,0.00495536,0.50405383,0.7845866 },
{0.86474144,0.82399374,0.81968915,0.44437706,0.82399374,0.0354368 ,
  0.15814117,0.50160384,0.81968915,0.15814117,0.9907288 ,0.31577227,
  0.44437706,0.50160384,0.31577227,0.15549934},
{0.35810396,0.09905353,0.9983833 ,0.7008152 ,0.09905353,0.9285415 ,
  0.11232509,0.09943371,0.9983833 ,0.11232509,0.783707  ,0.6070019 ,
  0.7008152 ,0.09943371,0.6070019 ,0.7022538 },
{0.382043  ,0.28616428,0.37993112,0.9692243 ,0.28616428,0.64140177,
  0.6977428 ,0.19741108,0.37993112,0.6977428 ,0.68666303,0.0527755 ,
  0.9692243 ,0.19741108,0.0527755 ,0.69290525},
{0.76799595,0.07070825,0.23912957,0.4168636 ,0.07070825,0.14217979,
  0.72800446,0.9895119 ,0.23912957,0.72800446,0.21659604,0.11596322,
  0.4168636 ,0.9895119 ,0.11596322,0.12848748},
{0.22220515,0.34677872,0.95166034,0.923921  ,0.34677872,0.52832216,
  0.7455179 ,0.985098  ,0.95166034,0.7455179 ,0.01655598,0.4502287 ,
  0.923921  ,0.985098  ,0.4502287 ,0.6576966 },
{0.15821429,0.99527615,0.3437629 ,0.1638716 ,0.99527615,0.04214464,
  0.21374205,0.06039865,0.3437629 ,0.21374205,0.31525755,0.729226  ,
  0.1638716 ,0.06039865,0.729226  ,0.22690496},
{0.00355595,0.01302833,0.87981576,0.57801425,0.01302833,0.8046364 ,
  0.20307101,0.7753963 ,0.87981576,0.20307101,0.7039488 ,0.11177292,
  0.57801425,0.7753963 ,0.11177292,0.23550476},
{0.30330116,0.841725  ,0.6330055 ,0.5213934 ,0.841725  ,0.95473254,
  0.7866263 ,0.4749143 ,0.6330055 ,0.7866263 ,0.4767312 ,0.00567778,
  0.5213934 ,0.4749143 ,0.00567778,0.10343468},
{0.3987659 ,0.8361117 ,0.00836858,0.7973899 ,0.8361117 ,0.97470725,
  0.44993573,0.3424755 ,0.00836858,0.44993573,0.4851082 ,0.07833611,
  0.7973899 ,0.3424755 ,0.07833611,0.5574178 },
{0.13759972,0.7386674 ,0.948899  ,0.22437505,0.7386674 ,0.34851834,
  0.83889496,0.16295396,0.948899  ,0.83889496,0.37386477,0.3873378 ,
  0.22437505,0.16295396,0.3873378 ,0.8909405 },
{0.39749897,0.9435623 ,0.61283606,0.7825965 ,0.9435623 ,0.540627  ,
  0.15880038,0.597131  ,0.61283606,0.15880038,0.16856126,0.99014205,
  0.7825965 ,0.597131  ,0.99014205,0.08246282},
{0.14984596,0.46177024,0.30856895,0.69660133,0.46177024,0.5260745 ,
  0.835652  ,0.8101525 ,0.30856895,0.835652  ,0.29613772,0.87029654,
  0.69660133,0.8101525 ,0.87029654,0.38880247},
{0.8946126 ,0.1990414 ,0.96609795,0.05853937,0.1990414 ,0.62159735,
  0.73635864,0.76980215,0.96609795,0.73635864,0.13212962,0.4150335 ,
  0.05853937,0.76980215,0.4150335 ,0.1022548 },
{0.89584196,0.8219742 ,0.8067664 ,0.68972975,0.8219742 ,0.27775788,
  0.0620417 ,0.228827  ,0.8067664 ,0.0620417 ,0.47691718,0.5313493 ,
  0.68972975,0.228827  ,0.5313493 ,0.03895515},
{0.9176211 ,0.6700015 ,0.16688888,0.7574897 ,0.6700015 ,0.83307135,
  0.5668708 ,0.8631419 ,0.16688888,0.5668708 ,0.8312956 ,0.97308934,
  0.7574897 ,0.8631419 ,0.97308934,0.37918133},
{0.52716345,0.3543943 ,0.47662765,0.27477401,0.3543943 ,0.3610503 ,
  0.32138506,0.71600366,0.47662765,0.32138506,0.9456331 ,0.20903578,
  0.27477401,0.71600366,0.20903578,0.7449278 },
{0.9213015 ,0.44063464,0.6064863 ,0.18263106,0.44063464,0.7307575 ,
  0.8592841 ,0.7525995 ,0.6064863 ,0.8592841 ,0.8238577 ,0.8536472 ,
  0.18263106,0.7525995 ,0.8536472 ,0.7273425 },
{0.04596888,0.13162696,0.5025812 ,0.23942216,0.13162696,0.39796257,
  0.18199404,0.7842391 ,0.5025812 ,0.18199404,0.6368464 ,0.64601904,
  0.23942216,0.7842391 ,0.64601904,0.6708017 },
{0.5135341 ,0.9575419 ,0.5291852 ,0.5793265 ,0.9575419 ,0.9799444 ,
  0.07237028,0.03884509,0.5291852 ,0.07237028,0.09445208,0.26223806,
  0.5793265 ,0.03884509,0.26223806,0.88765264},
{0.57427263,0.07504041,0.90362674,0.5904807 ,0.07504041,0.69069964,
  0.2532284 ,0.91638136,0.90362674,0.2532284 ,0.78735906,0.12518719,
  0.5904807 ,0.91638136,0.12518719,0.44573078},
{0.1963608 ,0.8221212 ,0.21585594,0.172605  ,0.8221212 ,0.5189307 ,
  0.8258257 ,0.8956802 ,0.21585594,0.8258257 ,0.56997395,0.01792561,
  0.172605  ,0.8956802 ,0.01792561,0.39309946},
{0.33337146,0.53076893,0.4737283 ,0.57630026,0.53076893,0.50497246,
  0.6979161 ,0.30454373,0.4737283 ,0.6979161 ,0.53441596,0.17107512,
  0.57630026,0.30454373,0.17107512,0.58713907},
{0.6629834 ,0.51894164,0.5421295 ,0.40355447,0.51894164,0.5376769 ,
  0.81825495,0.87708706,0.5421295 ,0.81825495,0.4713437 ,0.2841985 ,
  0.40355447,0.87708706,0.2841985 ,0.5063776 },
{0.8412935 ,0.79861367,0.70398146,0.55788416,0.79861367,0.479635  ,
  0.63193834,0.57909507,0.70398146,0.63193834,0.02262613,0.06774029,
  0.55788416,0.57909507,0.06774029,0.30357668},
{0.06993315,0.06871529,0.31236765,0.37620398,0.06871529,0.42488548,
  0.5404949 ,0.5541106 ,0.31236765,0.5404949 ,0.538445  ,0.8593243 ,
  0.37620398,0.5541106 ,0.8593243 ,0.9363016 },
{0.17944255,0.03073768,0.7019909 ,0.30090633,0.03073768,0.78017175,
  0.8645991 ,0.31599748,0.7019909 ,0.8645991 ,0.9894229 ,0.1339366 ,
  0.30090633,0.31599748,0.1339366 ,0.46867168},
{0.5041112 ,0.7682961 ,0.8356993 ,0.9853283 ,0.7682961 ,0.74098784,
  0.66645086,0.28485236,0.8356993 ,0.66645086,0.05649705,0.29969698,
  0.9853283 ,0.28485236,0.29969698,0.7903925 },
{0.38850677,0.7777729 ,0.24478653,0.22390336,0.7777729 ,0.39623675,
  0.37724307,0.64160305,0.24478653,0.37724307,0.71706235,0.9020546 ,
  0.22390336,0.64160305,0.9020546 ,0.53857505},
{0.44154188,0.11218978,0.9056347 ,0.6937458 ,0.11218978,0.8821491 ,
  0.3068475 ,0.60693705,0.9056347 ,0.3068475 ,0.26826033,0.9163758 ,
  0.6937458 ,0.60693705,0.9163758 ,0.9253604 },
{0.77196985,0.3367444 ,0.47766072,0.71217453,0.3367444 ,0.2487402 ,
  0.39493406,0.8607039 ,0.47766072,0.39493406,0.44739485,0.29299033,
  0.71217453,0.8607039 ,0.29299033,0.3684357 },
{0.5201001 ,0.3475181 ,0.986467  ,0.91004795,0.3475181 ,0.24922702,
  0.4378884 ,0.208112  ,0.986467  ,0.4378884 ,0.35093343,0.19378506,
  0.91004795,0.208112  ,0.19378506,0.4898517 },
{0.9268888 ,0.98729783,0.0364458 ,0.91717917,0.98729783,0.1269901 ,
  0.43575546,0.32471994,0.0364458 ,0.43575546,0.00373182,0.34249175,
  0.91717917,0.32471994,0.34249175,0.72066236},
{0.01824816,0.28660634,0.8894693 ,0.1371851 ,0.28660634,0.8165945 ,
  0.16687414,0.29830605,0.8894693 ,0.16687414,0.5173173 ,0.4012877 ,
  0.1371851 ,0.29830605,0.4012877 ,0.7041703 },
{0.35083756,0.6685933 ,0.06029419,0.12195989,0.6685933 ,0.70702195,
  0.6531982 ,0.14025372,0.06029419,0.6531982 ,0.40419564,0.9545234 ,
  0.12195989,0.14025372,0.9545234 ,0.9791495 },
{0.44830513,0.43553823,0.77856135,0.5097946 ,0.43553823,0.6073629 ,
  0.88357043,0.9567451 ,0.77856135,0.88357043,0.4581704 ,0.2056734 ,
  0.5097946 ,0.9567451 ,0.2056734 ,0.56400144},
{0.34753934,0.8984335 ,0.03031744,0.6032228 ,0.8984335 ,0.1392611 ,
  0.20982243,0.41266838,0.03031744,0.20982243,0.97858775,0.21174723,
  0.6032228 ,0.41266838,0.21174723,0.2563476 },
{0.98488384,0.9455047 ,0.65140855,0.6044862 ,0.9455047 ,0.568222  ,
  0.26100758,0.3872239 ,0.65140855,0.26100758,0.03521581,0.70626205,
  0.6044862 ,0.3872239 ,0.70626205,0.9989999 },
{0.7998061 ,0.45066452,0.4983348 ,0.33915827,0.45066452,0.15955584,
  0.78099024,0.4823649 ,0.4983348 ,0.78099024,0.32419184,0.2552454 ,
  0.33915827,0.4823649 ,0.2552454 ,0.8879868 },
{0.3756123 ,0.39028534,0.8189441 ,0.38639954,0.39028534,0.11323525,
  0.85755336,0.10394811,0.8189441 ,0.85755336,0.6774364 ,0.9728749 ,
  0.38639954,0.10394811,0.9728749 ,0.09647382},
{0.19765684,0.44965136,0.9072217 ,0.6953638 ,0.44965136,0.3685177 ,
  0.47092855,0.5949252 ,0.9072217 ,0.47092855,0.07040443,0.9205498 ,
  0.6953638 ,0.5949252 ,0.9205498 ,0.4751794 },
{0.2614226 ,0.5630163 ,0.30161324,0.18397872,0.5630163 ,0.03482057,
  0.7368131 ,0.03555078,0.30161324,0.7368131 ,0.36845824,0.68465954,
  0.18397872,0.03555078,0.68465954,0.8212628 },
{0.06600782,0.93487644,0.4687135 ,0.6475308 ,0.93487644,0.63062495,
  0.50731623,0.25818226,0.4687135 ,0.50731623,0.03243046,0.37921694,
  0.6475308 ,0.25818226,0.37921694,0.58254737},
{0.24108496,0.05704697,0.70369   ,0.33838543,0.05704697,0.96052414,
  0.82348233,0.54527557,0.70369   ,0.82348233,0.06803257,0.7290976 ,
  0.33838543,0.54527557,0.7290976 ,0.35918674},
{0.28026244,0.5013666 ,0.6014912 ,0.46256962,0.5013666 ,0.6652333 ,
  0.5220285 ,0.5411494 ,0.6014912 ,0.5220285 ,0.3506114 ,0.8548887 ,
  0.46256962,0.5411494 ,0.8548887 ,0.8045727 },
{0.7804555 ,0.7135468 ,0.05119231,0.20889564,0.7135468 ,0.4810354 ,
  0.07826717,0.9736492 ,0.05119231,0.07826717,0.63129073,0.5151831 ,
  0.20889564,0.9736492 ,0.5151831 ,0.34703922},
{0.5025927 ,0.666834  ,0.35757008,0.7670106 ,0.666834  ,0.6458211 ,
  0.49574083,0.50326514,0.35757008,0.49574083,0.0375707 ,0.6121898 ,
  0.7670106 ,0.50326514,0.6121898 ,0.53137726},
{0.8719497 ,0.3910242 ,0.37890896,0.06374557,0.3910242 ,0.9700184 ,
  0.06722851,0.10936527,0.37890896,0.06722851,0.1898035 ,0.9716114 ,
  0.06374557,0.10936527,0.9716114 ,0.9245723 },
{6.3307697e-01,9.8835039e-01,1.2808225e-01,7.2333795e-01,9.8835039e-01,
  3.6885655e-01,4.4396821e-01,3.3788782e-04,1.2808225e-01,4.4396821e-01,
  2.4655329e-01,3.1052208e-01,7.2333795e-01,3.3788782e-04,3.1052208e-01,
  7.1323502e-01},
{0.13660993,0.2882407 ,0.2318908 ,0.7614393 ,0.2882407 ,0.27265346,
  0.47079745,0.55637676,0.2318908 ,0.47079745,0.45842496,0.8352029 ,
  0.7614393 ,0.55637676,0.8352029 ,0.7926282 },
{0.88735104,0.10246912,0.8438674 ,0.515472  ,0.10246912,0.98424107,
  0.03961696,0.5215699 ,0.8438674 ,0.03961696,0.88491374,0.64416087,
  0.515472  ,0.5215699 ,0.64416087,0.99362665},
{0.7423699 ,0.32970324,0.68134665,0.3226268 ,0.32970324,0.7449143 ,
  0.8183415 ,0.12537038,0.68134665,0.8183415 ,0.94664603,0.7172726 ,
  0.3226268 ,0.12537038,0.7172726 ,0.2664013 },
{0.01864042,0.69337875,0.776666  ,0.15297563,0.69337875,0.35124132,
  0.23465341,0.11944201,0.776666  ,0.23465341,0.43126684,0.7341474 ,
  0.15297563,0.11944201,0.7341474 ,0.9926582 },
{0.47223145,0.8647395 ,0.65199596,0.71300673,0.8647395 ,0.67529637,
  0.63492095,0.10277411,0.65199596,0.63492095,0.48077324,0.9722738 ,
  0.71300673,0.10277411,0.9722738 ,0.27816874},
{0.7557718 ,0.5462635 ,0.85248643,0.578107  ,0.5462635 ,0.8717681 ,
  0.24903749,0.94461054,0.85248643,0.24903749,0.9290527 ,0.05967304,
  0.578107  ,0.94461054,0.05967304,0.25698447},
{0.74689204,0.6871255 ,0.5436116 ,0.8672421 ,0.6871255 ,0.64193475,
  0.9421717 ,0.5493308 ,0.5436116 ,0.9421717 ,0.2108789 ,0.43236575,
  0.8672421 ,0.5493308 ,0.43236575,0.4863466 },
{0.7711804 ,0.2283794 ,0.03141434,0.15574057,0.2283794 ,0.46410117,
  0.9945667 ,0.27710325,0.03141434,0.9945667 ,0.9213021 ,0.6711415 ,
  0.15574057,0.27710325,0.6711415 ,0.64720875},
{0.667986  ,0.15780841,0.89101017,0.47833908,0.15780841,0.5194972 ,
  0.61697084,0.47667226,0.89101017,0.61697084,0.99222136,0.8600229 ,
  0.47833908,0.47667226,0.8600229 ,0.2038361 },
{0.6391323 ,0.8343931 ,0.6183091 ,0.4649186 ,0.8343931 ,0.783867  ,
  0.45793915,0.9292198 ,0.6183091 ,0.45793915,0.7574337 ,0.786294  ,
  0.4649186 ,0.9292198 ,0.786294  ,0.41349542},
{0.78171444,0.9213149 ,0.88520354,0.8648769 ,0.9213149 ,0.24753326,
  0.099162  ,0.4482492 ,0.88520354,0.099162  ,0.64550376,0.32158154,
  0.8648769 ,0.4482492 ,0.32158154,0.01192238},
{0.19897181,0.36455387,0.2896911 ,0.59699523,0.36455387,0.40206662,
  0.803859  ,0.24162342,0.2896911 ,0.803859  ,0.3753112 ,0.66803765,
  0.59699523,0.24162342,0.66803765,0.9126964 },
{0.14120725,0.31705123,0.19723493,0.22185612,0.31705123,0.01539225,
  0.8979139 ,0.39561954,0.19723493,0.8979139 ,0.25851977,0.67287064,
  0.22185612,0.39561954,0.67287064,0.8229679 },
{0.79402226,0.55693537,0.0986927 ,0.72338355,0.55693537,0.0427946 ,
  0.02509508,0.42804122,0.0986927 ,0.02509508,0.27641883,0.5346966 ,
  0.72338355,0.42804122,0.5346966 ,0.80240124},
{0.0892376 ,0.4385328 ,0.7635741 ,0.5785364 ,0.4385328 ,0.6963089 ,
  0.6096721 ,0.9318605 ,0.7635741 ,0.6096721 ,0.18895726,0.28669754,
  0.5785364 ,0.9318605 ,0.28669754,0.612129  },
{0.5529326 ,0.59412813,0.41244793,0.21380275,0.59412813,0.9714303 ,
  0.7119524 ,0.8981326 ,0.41244793,0.7119524 ,0.39565182,0.51343256,
  0.21380275,0.8981326 ,0.51343256,0.26390272},
{0.4678101 ,0.71458125,0.9614777 ,0.6396    ,0.71458125,0.82242453,
  0.04621937,0.877518  ,0.9614777 ,0.04621937,0.88613117,0.9401557 ,
  0.6396    ,0.877518  ,0.9401557 ,0.810686  },
{0.4097419 ,0.39585218,0.89950764,0.29565763,0.39585218,0.9550822 ,
  0.41705638,0.15026714,0.89950764,0.41705638,0.8332556 ,0.6674528 ,
  0.29565763,0.15026714,0.6674528 ,0.9712339 },
{0.3951153 ,0.12325529,0.81133866,0.2443293 ,0.12325529,0.8887483 ,
  0.03789118,0.6852007 ,0.81133866,0.03789118,0.4439096 ,0.35314497,
  0.2443293 ,0.6852007 ,0.35314497,0.31422517},
{0.62852675,0.9603356 ,0.76849866,0.73739713,0.9603356 ,0.3264614 ,
  0.93514603,0.29612273,0.76849866,0.93514603,0.9160741 ,0.65987056,
  0.73739713,0.29612273,0.65987056,0.74809915},
{0.36554015,0.30592704,0.53407365,0.17153955,0.30592704,0.8472518 ,
  0.08989735,0.19818431,0.53407365,0.08989735,0.8563444 ,0.08610189,
  0.17153955,0.19818431,0.08610189,0.8290941 },
{0.11457168,0.7771234 ,0.53812283,0.75571066,0.7771234 ,0.08528745,
  0.02850082,0.23637581,0.53812283,0.02850082,0.188653  ,0.95829695,
  0.75571066,0.23637581,0.95829695,0.9158106 },
{0.7454577 ,0.24457736,0.12746187,0.55853164,0.24457736,0.46042466,
  0.55846137,0.8343545 ,0.12746187,0.55846137,0.8702807 ,0.986278  ,
  0.55853164,0.8343545 ,0.986278  ,0.74458313},
{0.7294908 ,0.9836764 ,0.10930943,0.7776749 ,0.9836764 ,0.823125  ,
  0.978946  ,0.4341116 ,0.10930943,0.978946  ,0.7216882 ,0.88810045,
  0.7776749 ,0.4341116 ,0.88810045,0.08227146},
{0.36028475,0.6083059 ,0.07544559,0.0133794 ,0.6083059 ,0.40858173,
  0.35458773,0.38041288,0.07544559,0.35458773,0.44215184,0.37218744,
  0.0133794 ,0.38041288,0.37218744,0.31038213},
{0.10694481,0.29030827,0.90564513,0.05217743,0.29030827,0.5034012 ,
  0.46833313,0.7328432 ,0.90564513,0.46833313,0.654199  ,0.30699164,
  0.05217743,0.7328432 ,0.30699164,0.98872745},
{0.20282128,0.4641712 ,0.6347868 ,0.923108  ,0.4641712 ,0.8350036 ,
  0.9178393 ,0.12547334,0.6347868 ,0.9178393 ,0.4947213 ,0.00888868,
  0.923108  ,0.12547334,0.00888868,0.3867497 },
{0.28174424,0.22998953,0.80351603,0.509172  ,0.22998953,0.751456  ,
  0.64589065,0.1546567 ,0.80351603,0.64589065,0.11582264,0.31753364,
  0.509172  ,0.1546567 ,0.31753364,0.22041062},
{0.614502  ,0.7112663 ,0.5502533 ,0.8559943 ,0.7112663 ,0.17139658,
  0.46958864,0.29945746,0.5502533 ,0.46958864,0.6525049 ,0.81006277,
  0.8559943 ,0.29945746,0.81006277,0.16100389},
{0.23939109,0.13907403,0.7394759 ,0.03317582,0.13907403,0.86553293,
  0.07811486,0.3933852 ,0.7394759 ,0.07811486,0.4394107 ,0.6180945 ,
  0.03317582,0.3933852 ,0.6180945 ,0.74246377},
{0.36756462,0.72185487,0.6916699 ,0.34284368,0.72185487,0.47482112,
  0.37121546,0.5659775 ,0.6916699 ,0.37121546,0.04307388,0.38038668,
  0.34284368,0.5659775 ,0.38038668,0.9299009 },
{0.69814277,0.4583114 ,0.88406616,0.31293634,0.4583114 ,0.8299328 ,
  0.79133546,0.9440593 ,0.88406616,0.79133546,0.507082  ,0.10837761,
  0.31293634,0.9440593 ,0.10837761,0.5472855 },
{0.96319133,0.7400499 ,0.7633488 ,0.8671426 ,0.7400499 ,0.13087547,
  0.7658114 ,0.7901064 ,0.7633488 ,0.7658114 ,0.12912372,0.41716084,
  0.8671426 ,0.7901064 ,0.41716084,0.5143374 },
{0.54281455,0.38574812,0.91163456,0.57320625,0.38574812,0.43346828,
  0.10449318,0.75493425,0.91163456,0.10449318,0.06986875,0.5184433 ,
  0.57320625,0.75493425,0.5184433 ,0.37271094},
{0.38089338,0.95742995,0.4785863 ,0.892815  ,0.95742995,0.9956141 ,
  0.60209143,0.1775418 ,0.4785863 ,0.60209143,0.620071  ,0.91294694,
  0.892815  ,0.1775418 ,0.91294694,0.61097836},
{0.31691313,0.6210338 ,0.70746624,0.00925932,0.6210338 ,0.8390768 ,
  0.88646346,0.84859675,0.70746624,0.88646346,0.16001402,0.31194434,
  0.00925932,0.84859675,0.31194434,0.88654643},
{0.82468927,0.5155361 ,0.952262  ,0.61063206,0.5155361 ,0.5281988 ,
  0.62384766,0.95102996,0.952262  ,0.62384766,0.89937276,0.1974453 ,
  0.61063206,0.95102996,0.1974453 ,0.13597572},
{0.28818515,0.79128957,0.68506813,0.23913737,0.79128957,0.947244  ,
  0.9454445 ,0.7405316 ,0.68506813,0.9454445 ,0.9973725 ,0.09118175,
  0.23913737,0.7405316 ,0.09118175,0.9380758 },
{0.07289854,0.61594874,0.11056027,0.20734899,0.61594874,0.09249718,
  0.49355215,0.967754  ,0.11056027,0.49355215,0.84664583,0.08854468,
  0.20734899,0.967754  ,0.08854468,0.552952  },
{0.26203436,0.62783146,0.9433895 ,0.6303978 ,0.62783146,0.3942217 ,
  0.47534233,0.9991514 ,0.9433895 ,0.47534233,0.9030459 ,0.52044755,
  0.6303978 ,0.9991514 ,0.52044755,0.14339855},
{0.5656253 ,0.7286384 ,0.10526564,0.5564948 ,0.7286384 ,0.8910983 ,
  0.14866175,0.3195413 ,0.10526564,0.14866175,0.49155927,0.04487649,
  0.5564948 ,0.3195413 ,0.04487649,0.29004773},
{0.13499427,0.32341135,0.0779363 ,0.4285147 ,0.32341135,0.43094745,
  0.0213505 ,0.70563805,0.0779363 ,0.0213505 ,0.2361871 ,0.64645565,
  0.4285147 ,0.70563805,0.64645565,0.51655823},
{0.7338591 ,0.24584374,0.60480917,0.35283804,0.24584374,0.43100998,
  0.1254132 ,0.7800793 ,0.60480917,0.1254132 ,0.7178482 ,0.42919332,
  0.35283804,0.7800793 ,0.42919332,0.83548975},
{0.34004867,0.3204299 ,0.19031821,0.1452713 ,0.3204299 ,0.10662892,
  0.44567156,0.49931493,0.19031821,0.44567156,0.7110722 ,0.1564852 ,
  0.1452713 ,0.49931493,0.1564852 ,0.27694145},
{0.6213809 ,0.586475  ,0.7510296 ,0.2657632 ,0.586475  ,0.05840175,
  0.6230466 ,0.13944677,0.7510296 ,0.6230466 ,0.23578973,0.86133283,
  0.2657632 ,0.13944677,0.86133283,0.82599634},
{0.3037207 ,0.37569493,0.06938174,0.1905898 ,0.37569493,0.6424825 ,
  0.6545499 ,0.35396865,0.06938174,0.6545499 ,0.68640894,0.98572737,
  0.1905898 ,0.35396865,0.98572737,0.761993  },
{0.31570756,0.63459176,0.14479278,0.7710944 ,0.63459176,0.5301796 ,
  0.8407624 ,0.5533609 ,0.14479278,0.8407624 ,0.6870516 ,0.01526534,
  0.7710944 ,0.5533609 ,0.01526534,0.42585695},
{0.04432492,0.7669779 ,0.47205678,0.0449038 ,0.7669779 ,0.89061105,
  0.24078588,0.8010499 ,0.47205678,0.24078588,0.4356032 ,0.2560589 ,
  0.0449038 ,0.8010499 ,0.2560589 ,0.3131116 },
{0.8263651 ,0.35440862,0.53155273,0.27741674,0.35440862,0.66123307,
  0.19653523,0.20899017,0.53155273,0.19653523,0.07528899,0.9128511 ,
  0.27741674,0.20899017,0.9128511 ,0.04532579},
{0.5198213 ,0.22794046,0.17945026,0.1202274 ,0.22794046,0.32665983,
  0.4788681 ,0.92023134,0.17945026,0.4788681 ,0.6144853 ,0.6358857 ,
  0.1202274 ,0.92023134,0.6358857 ,0.23628841},
{0.59550893,0.7255367 ,0.31821245,0.5072467 ,0.7255367 ,0.09410376,
  0.14358845,0.82326853,0.31821245,0.14358845,0.16503654,0.55394477,
  0.5072467 ,0.82326853,0.55394477,0.17438927},
{0.5075917 ,0.47382042,0.99604255,0.8527677 ,0.47382042,0.4654063 ,
  0.25884476,0.55683684,0.99604255,0.25884476,0.855     ,0.00301808,
  0.8527677 ,0.55683684,0.00301808,0.3503419 },
{0.6685602 ,0.48665208,0.5432235 ,0.9948013 ,0.48665208,0.73928684,
  0.62503165,0.7047414 ,0.5432235 ,0.62503165,0.7340646 ,0.3952038 ,
  0.9948013 ,0.7047414 ,0.3952038 ,0.12224267},
{0.5667469 ,0.88587135,0.13674523,0.35557693,0.88587135,0.7127364 ,
  0.16070208,0.05707438,0.13674523,0.16070208,0.8361747 ,0.82015944,
  0.35557693,0.05707438,0.82015944,0.80159414},
{0.06088896,0.54336184,0.5019901 ,0.51549655,0.54336184,0.767989  ,
  0.7748659 ,0.91689926,0.5019901 ,0.7748659 ,0.6684194 ,0.7149016 ,
  0.51549655,0.91689926,0.7149016 ,0.02620074},
{0.20548552,0.16497234,0.8694876 ,0.601502  ,0.16497234,0.6319502 ,
  0.07343456,0.13378176,0.8694876 ,0.07343456,0.08762813,0.03401121,
  0.601502  ,0.13378176,0.03401121,0.907431  },
{0.8632604 ,0.7041039 ,0.54121095,0.8356684 ,0.7041039 ,0.4904388 ,
  0.33892393,0.5499343 ,0.54121095,0.33892393,0.64270616,0.49438834,
  0.8356684 ,0.5499343 ,0.49438834,0.5741653 },
{0.87261367,0.7035874 ,0.29120353,0.6944537 ,0.7035874 ,0.54342014,
  0.94138855,0.17458746,0.29120353,0.94138855,0.31083384,0.52413464,
  0.6944537 ,0.17458746,0.52413464,0.27645615},
{0.23867823,0.25555798,0.01118893,0.9964808 ,0.25555798,0.5852069 ,
  0.9124253 ,0.12122341,0.01118893,0.9124253 ,0.49868515,0.76240504,
  0.9964808 ,0.12122341,0.76240504,0.4391384 },
{0.9358256 ,0.44299996,0.6394855 ,0.75996476,0.44299996,0.7278359 ,
  0.39745083,0.7458769 ,0.6394855 ,0.39745083,0.06945994,0.5027943 ,
  0.75996476,0.7458769 ,0.5027943 ,0.25639907},
{0.8867125 ,0.83776224,0.77440244,0.13889422,0.83776224,0.61291665,
  0.54442483,0.7844419 ,0.77440244,0.54442483,0.86147064,0.12106178,
  0.13889422,0.7844419 ,0.12106178,0.53018475},
{0.5778177 ,0.2827172 ,0.7936492 ,0.0732219 ,0.2827172 ,0.860921  ,
  0.88280565,0.43802026,0.7936492 ,0.88280565,0.15917146,0.4002442 ,
  0.0732219 ,0.43802026,0.4002442 ,0.77964854},
{0.9037913 ,0.4602641 ,0.80953646,0.39225146,0.4602641 ,0.38626415,
  0.1657089 ,0.559233  ,0.80953646,0.1657089 ,0.57796204,0.6891148 ,
  0.39225146,0.559233  ,0.6891148 ,0.7579586 },
{0.439825  ,0.85300785,0.97969925,0.5553978 ,0.85300785,0.7684395 ,
  0.05896021,0.3758763 ,0.97969925,0.05896021,0.85200644,0.14255953,
  0.5553978 ,0.3758763 ,0.14255953,0.03475635},
{0.7888192 ,0.8445921 ,0.9122414 ,0.94380504,0.8445921 ,0.21286838,
  0.48590443,0.14623822,0.9122414 ,0.48590443,0.3307814 ,0.31925896,
  0.94380504,0.14623822,0.31925896,0.08011733},
{0.22374688,0.07813188,0.17160645,0.775674  ,0.07813188,0.00240655,
  0.36211815,0.12927637,0.17160645,0.36211815,0.26998198,0.24570726,
  0.775674  ,0.12927637,0.24570726,0.5573101 },
{0.40873224,0.9372535 ,0.12564243,0.8722145 ,0.9372535 ,0.3199421 ,
  0.41771948,0.03764658,0.12564243,0.41771948,0.8910767 ,0.15071826,
  0.8722145 ,0.03764658,0.15071826,0.1690093 },
{0.03653494,0.18817899,0.00072715,0.49728927,0.18817899,0.45655927,
  0.11294363,0.6752898 ,0.00072715,0.11294363,0.5939791 ,0.5277321 ,
  0.49728927,0.6752898 ,0.5277321 ,0.52450186},
{0.35050374,0.92214483,0.04495725,0.55024266,0.92214483,0.50647134,
  0.04518913,0.49587166,0.04495725,0.04518913,0.68364865,0.7682668 ,
  0.55024266,0.49587166,0.7682668 ,0.5760481 },
{0.75943387,0.17671196,0.89317095,0.6809328 ,0.17671196,0.9057408 ,
  0.5538527 ,0.90869725,0.89317095,0.5538527 ,0.48049662,0.5740097 ,
  0.6809328 ,0.90869725,0.5740097 ,0.913175  },
{0.66483986,0.7053147 ,0.49223113,0.5067503 ,0.7053147 ,0.70351505,
  0.21709509,0.7569929 ,0.49223113,0.21709509,0.96124876,0.22411509,
  0.5067503 ,0.7569929 ,0.22411509,0.02519667},
{0.20224023,0.657478  ,0.7294847 ,0.11690026,0.657478  ,0.8619038 ,
  0.23747799,0.7063169 ,0.7294847 ,0.23747799,0.662511  ,0.45654416,
  0.11690026,0.7063169 ,0.45654416,0.36703333},
{7.5827152e-01,6.9150166e-04,5.8760040e-02,8.7099349e-01,6.9150166e-04,
  5.1483270e-03,1.1946715e-02,6.3312262e-01,5.8760040e-02,1.1946715e-02,
  2.8580320e-01,3.6435968e-01,8.7099349e-01,6.3312262e-01,3.6435968e-01,
  4.8210856e-01},
{0.46599817,0.7598586 ,0.7662597 ,0.02064652,0.7598586 ,0.44823745,
  0.92300665,0.32364324,0.7662597 ,0.92300665,0.41049603,0.842559  ,
  0.02064652,0.32364324,0.842559  ,0.3325872 },
{0.6610115 ,0.43996164,0.86511374,0.77121484,0.43996164,0.43322548,
  0.694815  ,0.15967281,0.86511374,0.694815  ,0.56686264,0.7673249 ,
  0.77121484,0.15967281,0.7673249 ,0.21360594},
{0.12248183,0.20982249,0.10890538,0.3699776 ,0.20982249,0.37544706,
  0.15405002,0.46803844,0.10890538,0.15405002,0.2143684 ,0.82800597,
  0.3699776 ,0.46803844,0.82800597,0.32105753},
{0.84632826,0.2744482 ,0.5790936 ,0.06144148,0.2744482 ,0.5120524 ,
  0.36338165,0.7828021 ,0.5790936 ,0.36338165,0.6015217 ,0.60411173,
  0.06144148,0.7828021 ,0.60411173,0.43811488},
{0.10898025,0.11544015,0.13543083,0.5610859 ,0.11544015,0.89138186,
  0.55887777,0.95231616,0.13543083,0.55887777,0.5295028 ,0.00304565,
  0.5610859 ,0.95231616,0.00304565,0.713358  },
{0.65705794,0.52503693,0.44454288,0.44012412,0.52503693,0.97572434,
  0.00226388,0.21051839,0.44454288,0.00226388,0.48920316,0.2204605 ,
  0.44012412,0.21051839,0.2204605 ,0.7712649 },
{0.5179798 ,0.7105843 ,0.3794175 ,0.11954658,0.7105843 ,0.47353747,
  0.39672202,0.82116663,0.3794175 ,0.39672202,0.8044594 ,0.5333771 ,
  0.11954658,0.82116663,0.5333771 ,0.73467255},
{0.21884605,0.7824503 ,0.41406196,0.03495794,0.7824503 ,0.3702995 ,
  0.2245733 ,0.5727735 ,0.41406196,0.2245733 ,0.3338804 ,0.89603716,
  0.03495794,0.5727735 ,0.89603716,0.449377  },
{0.02863453,0.6251706 ,0.6415318 ,0.19227627,0.6251706 ,0.42715332,
  0.97127813,0.20371313,0.6415318 ,0.97127813,0.00914395,0.02494505,
  0.19227627,0.20371313,0.02494505,0.8008383 },
{0.9645342 ,0.3231088 ,0.619865  ,0.3955011 ,0.3231088 ,0.43758893,
  0.619468  ,0.38450223,0.619865  ,0.619468  ,0.37129736,0.54198843,
  0.3955011 ,0.38450223,0.54198843,0.89621097},
{0.88156927,0.01495426,0.67242914,0.18579544,0.01495426,0.90625256,
  0.83021545,0.7709065 ,0.67242914,0.83021545,0.8390572 ,0.38842344,
  0.18579544,0.7709065 ,0.38842344,0.61270374},
{0.69571996,0.98752505,0.59189117,0.4436859 ,0.98752505,0.6743299 ,
  0.1648468 ,0.5805787 ,0.59189117,0.1648468 ,0.8469517 ,0.114768  ,
  0.4436859 ,0.5805787 ,0.114768  ,0.1941954 },
{0.72162205,0.72220623,0.83437663,0.7968999 ,0.72220623,0.19697599,
  0.09171171,0.9797445 ,0.83437663,0.09171171,0.35189894,0.9842228 ,
  0.7968999 ,0.9797445 ,0.9842228 ,0.7472716 },
{0.28091642,0.68011624,0.26287836,0.0098573 ,0.68011624,0.5155727 ,
  0.11381356,0.05636552,0.26287836,0.11381356,0.06727428,0.26936674,
  0.0098573 ,0.05636552,0.26936674,0.60689926},
{0.7922704 ,0.32402495,0.75978637,0.58364755,0.32402495,0.7808838 ,
  0.03748994,0.06421193,0.75978637,0.03748994,0.6282274 ,0.01524464,
  0.58364755,0.06421193,0.01524464,0.8360202 },
{0.9463851 ,0.38712263,0.0380218 ,0.79537463,0.38712263,0.2659578 ,
  0.3473325 ,0.45367056,0.0380218 ,0.3473325 ,0.92237407,0.6309825 ,
  0.79537463,0.45367056,0.6309825 ,0.69881994},
{0.56300086,0.52111644,0.89671916,0.45621416,0.52111644,0.1149447 ,
  0.42698324,0.40995887,0.89671916,0.42698324,0.40682688,0.7799595 ,
  0.45621416,0.40995887,0.7799595 ,0.2928067 },
{0.79591185,0.7849952 ,0.83344907,0.61742795,0.7849952 ,0.26807156,
  0.95041317,0.77509505,0.83344907,0.95041317,0.45007864,0.10410614,
  0.61742795,0.77509505,0.10410614,0.42012873},
{0.7073848 ,0.77562386,0.12186429,0.0169794 ,0.77562386,0.3662366 ,
  0.4618445 ,0.19823511,0.12186429,0.4618445 ,0.00636338,0.3037046 ,
  0.0169794 ,0.19823511,0.3037046 ,0.38455173},
{0.16121042,0.44500723,0.781673  ,0.40426704,0.44500723,0.75684136,
  0.5341491 ,0.1190353 ,0.781673  ,0.5341491 ,0.05102658,0.26531422,
  0.40426704,0.1190353 ,0.26531422,0.92720824},
{0.9451998 ,0.4990694 ,0.24411216,0.25136116,0.4990694 ,0.8751517 ,
  0.8929832 ,0.35695308,0.24411216,0.8929832 ,0.40394312,0.14732252,
  0.25136116,0.35695308,0.14732252,0.06621485},
{0.9623782 ,0.35514992,0.65605074,0.21776211,0.35514992,0.3029582 ,
  0.0210951 ,0.8730657 ,0.65605074,0.0210951 ,0.29541004,0.9763318 ,
  0.21776211,0.8730657 ,0.9763318 ,0.1518956 },
{0.2365899 ,0.04367111,0.95179665,0.12175759,0.04367111,0.69909245,
  0.68839735,0.33903682,0.95179665,0.68839735,0.41358393,0.88204795,
  0.12175759,0.33903682,0.88204795,0.11739954},
{0.30469015,0.96666354,0.2098417 ,0.25048676,0.96666354,0.39410278,
  0.899039  ,0.1647706 ,0.2098417 ,0.899039  ,0.7046078 ,0.2342149 ,
  0.25048676,0.1647706 ,0.2342149 ,0.03093121},
{0.62864566,0.66900694,0.06505916,0.8921298 ,0.66900694,0.6347088 ,
  0.25504157,0.34887946,0.06505916,0.25504157,0.68117625,0.3230509 ,
  0.8921298 ,0.34887946,0.3230509 ,0.77323735},
{0.19168831,0.50084615,0.6205862 ,0.78471994,0.50084615,0.02902032,
  0.6787112 ,0.26780277,0.6205862 ,0.6787112 ,0.19085433,0.9143853 ,
  0.78471994,0.26780277,0.9143853 ,0.025048  },
{0.8239982 ,0.23397404,0.63933474,0.15887764,0.23397404,0.6982997 ,
  0.6358166 ,0.44547257,0.63933474,0.6358166 ,0.98359936,0.16479851,
  0.15887764,0.44547257,0.16479851,0.55526495},
{0.23949428,0.9143874 ,0.7220637 ,0.74602675,0.9143874 ,0.05057684,
  0.43147433,0.73718286,0.7220637 ,0.43147433,0.31535578,0.91770804,
  0.74602675,0.73718286,0.91770804,0.8948595 },
{0.537873  ,0.08676508,0.253759  ,0.19875804,0.08676508,0.1401161 ,
  0.65529746,0.2893912 ,0.253759  ,0.65529746,0.6656938 ,0.97654   ,
  0.19875804,0.2893912 ,0.97654   ,0.05870076},
{0.93654424,0.87111527,0.76003844,0.377511  ,0.87111527,0.5824998 ,
  0.18243955,0.54133415,0.76003844,0.18243955,0.8280532 ,0.09050082,
  0.377511  ,0.54133415,0.09050082,0.99013495},
{0.9695351 ,0.36943763,0.8898835 ,0.336566  ,0.36943763,0.605951  ,
  0.34912717,0.32364994,0.8898835 ,0.34912717,0.22301081,0.20249096,
  0.336566  ,0.32364994,0.20249096,0.81636494},
{0.5597665 ,0.46288326,0.2337099 ,0.4686337 ,0.46288326,0.8884608 ,
  0.97367215,0.558912  ,0.2337099 ,0.97367215,0.23407625,0.4239505 ,
  0.4686337 ,0.558912  ,0.4239505 ,0.8278339 },
{0.0656129 ,0.4691913 ,0.12891485,0.65873396,0.4691913 ,0.03095673,
  0.2811201 ,0.4416591 ,0.12891485,0.2811201 ,0.6992261 ,0.15533178,
  0.65873396,0.4416591 ,0.15533178,0.97915876},
{0.3729826 ,0.81071275,0.72068393,0.29560065,0.81071275,0.26497635,
  0.5976266 ,0.12426797,0.72068393,0.5976266 ,0.04856269,0.7032522 ,
  0.29560065,0.12426797,0.7032522 ,0.13602655},
{0.19994178,0.9160116 ,0.66486496,0.8528069 ,0.9160116 ,0.9620193 ,
  0.4019021 ,0.91835284,0.66486496,0.4019021 ,0.21328701,0.65803796,
  0.8528069 ,0.91835284,0.65803796,0.17779401},
{0.9567022 ,0.488887  ,0.1561265 ,0.2993192 ,0.488887  ,0.677325  ,
  0.882495  ,0.9601298 ,0.1561265 ,0.882495  ,0.32606125,0.5461081 ,
  0.2993192 ,0.9601298 ,0.5461081 ,0.24114823},
{0.11632615,0.7985226 ,0.54424447,0.07319146,0.7985226 ,0.9978976 ,
  0.13384505,0.09146956,0.54424447,0.13384505,0.58889484,0.09976234,
  0.07319146,0.09146956,0.09976234,0.7304331 },
{0.54576766,0.956175  ,0.99283   ,0.20596872,0.956175  ,0.61088634,
  0.5273685 ,0.997264  ,0.99283   ,0.5273685 ,0.5059816 ,0.44640893,
  0.20596872,0.997264  ,0.44640893,0.96723175},
{0.78242165,0.16488278,0.9253729 ,0.6893546 ,0.16488278,0.7182677 ,
  0.6344008 ,0.39586002,0.9253729 ,0.6344008 ,0.41656536,0.6675234 ,
  0.6893546 ,0.39586002,0.6675234 ,0.8657951 },
{0.5922502 ,0.6597516 ,0.88617426,0.0987847 ,0.6597516 ,0.32796335,
  0.83501536,0.780584  ,0.88617426,0.83501536,0.4781282 ,0.10140341,
  0.0987847 ,0.780584  ,0.10140341,0.7850324 },
{0.3536736 ,0.7498502 ,0.55481464,0.3727451 ,0.7498502 ,0.91794074,
  0.24770379,0.29596   ,0.55481464,0.24770379,0.41695246,0.8148676 ,
  0.3727451 ,0.29596   ,0.8148676 ,0.5759835 },
{0.17293979,0.92822033,0.6301326 ,0.689219  ,0.92822033,0.6405068 ,
  0.6738634 ,0.98989266,0.6301326 ,0.6738634 ,0.8787417 ,0.401504  ,
  0.689219  ,0.98989266,0.401504  ,0.8129954 },
{0.2337001 ,0.61974686,0.45889762,0.7043451 ,0.61974686,0.79713076,
  0.37909967,0.02620853,0.45889762,0.37909967,0.95389   ,0.05411218,
  0.7043451 ,0.02620853,0.05411218,0.70417017},
{0.1175593 ,0.94851726,0.6888854 ,0.5683414 ,0.94851726,0.11760351,
  0.84461457,0.18823406,0.6888854 ,0.84461457,0.34257716,0.05622554,
  0.5683414 ,0.18823406,0.05622554,0.94031703},
{0.24704766,0.7071735 ,0.8200383 ,0.90992224,0.7071735 ,0.01825138,
  0.27612504,0.92893726,0.8200383 ,0.27612504,0.27012143,0.13707998,
  0.90992224,0.92893726,0.13707998,0.47504422},
{0.9041332 ,0.7444511 ,0.28042054,0.5922302 ,0.7444511 ,0.41947803,
  0.6308742 ,0.7339563 ,0.28042054,0.6308742 ,0.03225079,0.28043666,
  0.5922302 ,0.7339563 ,0.28043666,0.821393  },
{0.09966777,0.3649688 ,0.48313773,0.94423336,0.3649688 ,0.4552281 ,
  0.52335006,0.923485  ,0.48313773,0.52335006,0.09876122,0.7078294 ,
  0.94423336,0.923485  ,0.7078294 ,0.33788407},
{0.029705  ,0.57292676,0.5693997 ,0.3808298 ,0.57292676,0.16865617,
  0.89860034,0.14240606,0.5693997 ,0.89860034,0.7917462 ,0.6459362 ,
  0.3808298 ,0.14240606,0.6459362 ,0.46098804},
{0.8043132 ,0.5758195 ,0.50656086,0.01219021,0.5758195 ,0.47607633,
  0.1173291 ,0.29250127,0.50656086,0.1173291 ,0.46182096,0.2015088 ,
  0.01219021,0.29250127,0.2015088 ,0.34735993},
{0.2529714 ,0.50657964,0.02729421,0.84406567,0.50657964,0.76301676,
  0.61950123,0.98528045,0.02729421,0.61950123,0.4291798 ,0.27347177,
  0.84406567,0.98528045,0.27347177,0.35001916},
{0.3935968 ,0.5161007 ,0.8782347 ,0.07739048,0.5161007 ,0.43709794,
  0.65289086,0.06595553,0.8782347 ,0.65289086,0.39714217,0.01937311,
  0.07739048,0.06595553,0.01937311,0.49341458},
{0.14222014,0.76716083,0.51986104,0.8314506 ,0.76716083,0.63200796,
  0.85630935,0.60712624,0.51986104,0.85630935,0.6141809 ,0.6514478 ,
  0.8314506 ,0.60712624,0.6514478 ,0.02616998},
{0.9727424 ,0.47085205,0.6378942 ,0.55056953,0.47085205,0.6703524 ,
  0.09399463,0.92209554,0.6378942 ,0.09399463,0.9378616 ,0.6604991 ,
  0.55056953,0.92209554,0.6604991 ,0.18620116},
{0.08146008,0.72271603,0.6439696 ,0.546262  ,0.72271603,0.374282  ,
  0.24110295,0.86300486,0.6439696 ,0.24110295,0.8370602 ,0.9299423 ,
  0.546262  ,0.86300486,0.9299423 ,0.7840923 },
{0.9415987 ,0.6998484 ,0.737115  ,0.4626312 ,0.6998484 ,0.7680859 ,
  0.00784485,0.41087946,0.737115  ,0.00784485,0.42493734,0.58778536,
  0.4626312 ,0.41087946,0.58778536,0.47074902},
{0.09040834,0.95881414,0.33213863,0.2668291 ,0.95881414,0.9011831 ,
  0.3321461 ,0.04059345,0.33213863,0.3321461 ,0.5422986 ,0.3686515 ,
  0.2668291 ,0.04059345,0.3686515 ,0.03190852},
{0.32654837,0.3591778 ,0.6133277 ,0.76190466,0.3591778 ,0.50520784,
  0.27609807,0.6923604 ,0.6133277 ,0.27609807,0.7278705 ,0.07774889,
  0.76190466,0.6923604 ,0.07774889,0.45105398},
{0.9421834 ,0.1329079 ,0.198488  ,0.31815943,0.1329079 ,0.605419  ,
  0.5556965 ,0.9347719 ,0.198488  ,0.5556965 ,0.798561  ,0.02848746,
  0.31815943,0.9347719 ,0.02848746,0.21834016},
{0.8068206 ,0.02140473,0.96605074,0.10859168,0.02140473,0.7883797 ,
  0.01146519,0.5393636 ,0.96605074,0.01146519,0.42813492,0.9983083 ,
  0.10859168,0.5393636 ,0.9983083 ,0.44019222},
{0.52950925,0.97071046,0.6215662 ,0.40443978,0.97071046,0.0081241 ,
  0.6574032 ,0.19260673,0.6215662 ,0.6574032 ,0.66468626,0.39032808,
  0.40443978,0.19260673,0.39032808,0.78514093},
{0.5513677 ,0.58645934,0.01184866,0.35517746,0.58645934,0.27555117,
  0.5033955 ,0.00164566,0.01184866,0.5033955 ,0.32496443,0.28118452,
  0.35517746,0.00164566,0.28118452,0.76859426},
{0.5962894 ,0.19008587,0.12504894,0.7914372 ,0.19008587,0.51006895,
  0.3867373 ,0.40805697,0.12504894,0.3867373 ,0.6092809 ,0.2708647 ,
  0.7914372 ,0.40805697,0.2708647 ,0.594951  },
{7.6953269e-04,5.7285863e-01,9.3864518e-01,5.1189703e-01,5.7285863e-01,
  6.7619210e-01,1.3187347e-01,2.5871298e-03,9.3864518e-01,1.3187347e-01,
  7.6644993e-01,2.1935703e-01,5.1189703e-01,2.5871298e-03,2.1935703e-01,
  7.6764226e-01},
{0.66015625,0.6716322 ,0.2907398 ,0.13937534,0.6716322 ,0.14420475,
  0.6405212 ,0.20329103,0.2907398 ,0.6405212 ,0.0642257 ,0.94044083,
  0.13937534,0.20329103,0.94044083,0.531901  },
{0.98921853,0.9168935 ,0.44195467,0.44882372,0.9168935 ,0.6086503 ,
  0.56470144,0.18977445,0.44195467,0.56470144,0.44085327,0.2635424 ,
  0.44882372,0.18977445,0.2635424 ,0.27887264},
{0.57457644,0.90750444,0.32015035,0.9068726 ,0.90750444,0.5956324 ,
  0.65021086,0.84477544,0.32015035,0.65021086,0.29910222,0.22580338,
  0.9068726 ,0.84477544,0.22580338,0.94685596},
{0.3057477 ,0.07281477,0.74179435,0.92777103,0.07281477,0.02445212,
  0.74908936,0.20575155,0.74179435,0.74908936,0.5616002 ,0.11011703,
  0.92777103,0.20575155,0.11011703,0.27202383},
{0.38488913,0.92955166,0.3392353 ,0.22397299,0.92955166,0.98908406,
  0.6757176 ,0.66211253,0.3392353 ,0.6757176 ,0.3914047 ,0.6724692 ,
  0.22397299,0.66211253,0.6724692 ,0.8779073 },
{0.8786118 ,0.05940991,0.6351869 ,0.7859744 ,0.05940991,0.24099167,
  0.65233237,0.9476677 ,0.6351869 ,0.65233237,0.9226085 ,0.81365174,
  0.7859744 ,0.9476677 ,0.81365174,0.53191805},
{0.8692725 ,0.0826838 ,0.985484  ,0.96686965,0.0826838 ,0.07305271,
  0.06173212,0.34867314,0.985484  ,0.06173212,0.30520666,0.55944175,
  0.96686965,0.34867314,0.55944175,0.17998645},
{0.5560692 ,0.99465597,0.14960554,0.48427472,0.99465597,0.5693219 ,
  0.7513885 ,0.58485734,0.14960554,0.7513885 ,0.47721705,0.5926841 ,
  0.48427472,0.58485734,0.5926841 ,0.47595346},
{0.63241565,0.59974504,0.25655803,0.2779221 ,0.59974504,0.31709066,
  0.10568447,0.7382135 ,0.25655803,0.10568447,0.8941304 ,0.83853066,
  0.2779221 ,0.7382135 ,0.83853066,0.55770403},
{0.34367168,0.18529093,0.13681772,0.98564255,0.18529093,0.7581873 ,
  0.6118495 ,0.7847834 ,0.13681772,0.6118495 ,0.39041078,0.98176885,
  0.98564255,0.7847834 ,0.98176885,0.2160397 },
{0.34454703,0.54510766,0.10640201,0.26086235,0.54510766,0.35680488,
  0.87219214,0.98177236,0.10640201,0.87219214,0.19235568,0.71078306,
  0.26086235,0.98177236,0.71078306,0.37029308},
{0.41359672,0.08897385,0.8127551 ,0.76083106,0.08897385,0.08840697,
  0.43499666,0.2941162 ,0.8127551 ,0.43499666,0.4422848 ,0.8653666 ,
  0.76083106,0.2941162 ,0.8653666 ,0.21854953},
{0.7486305 ,0.6302868 ,0.1863552 ,0.08013945,0.6302868 ,0.13931493,
  0.16452064,0.07197525,0.1863552 ,0.16452064,0.39640632,0.523272  ,
  0.08013945,0.07197525,0.523272  ,0.44310066},
{0.7467843 ,0.31924337,0.92362285,0.51165235,0.31924337,0.260381  ,
  0.22681578,0.09552814,0.92362285,0.22681578,0.04713619,0.54995203,
  0.51165235,0.09552814,0.54995203,0.641289  },
