float input_vector[10][16] = {{0.12443858,0.9411781 ,0.34576666,0.23381864,0.9411781 ,0.20745763,
  0.6781433 ,0.26737943,0.34576666,0.6781433 ,0.7063412 ,0.8591609 ,
  0.23381864,0.26737943,0.8591609 ,0.8148689 },
{0.46923184,0.891901  ,0.63557446,0.05306244,0.891901  ,0.19656032,
  0.27787605,0.80920553,0.63557446,0.27787605,0.553184  ,0.6395419 ,
  0.05306244,0.80920553,0.6395419 ,0.16955425},
{0.13287948,0.51851004,0.9463916 ,0.9707878 ,0.51851004,0.5631119 ,
  0.6930298 ,0.3947118 ,0.9463916 ,0.6930298 ,0.32489428,0.44872656,
  0.9707878 ,0.3947118 ,0.44872656,0.5285773 },
{0.74974775,0.281991  ,0.29035133,0.9478314 ,0.281991  ,0.545424  ,
  0.27257618,0.06852343,0.29035133,0.27257618,0.3149951 ,0.13987677,
  0.9478314 ,0.06852343,0.13987677,0.32513347},
{0.8777496 ,0.48757842,0.80787015,0.28298002,0.48757842,0.56845903,
  0.09595543,0.30099192,0.80787015,0.09595543,0.953184  ,0.7231958 ,
  0.28298002,0.30099192,0.7231958 ,0.6823065 },
{0.18727833,0.82320017,0.80775034,0.1727574 ,0.82320017,0.6638764 ,
  0.7141601 ,0.53037244,0.80775034,0.7141601 ,0.55530626,0.6049287 ,
  0.1727574 ,0.53037244,0.6049287 ,0.9619272 },
{0.54137194,0.61513776,0.9483576 ,0.1446124 ,0.61513776,0.5885167 ,
  0.5382266 ,0.33504346,0.9483576 ,0.5382266 ,0.26654768,0.74338585,
  0.1446124 ,0.33504346,0.74338585,0.80988526},
{0.29200128,0.40521494,0.851523  ,0.3784313 ,0.40521494,0.8652699 ,
  0.33450097,0.46681476,0.851523  ,0.33450097,0.87455225,0.94567204,
  0.3784313 ,0.46681476,0.94567204,0.754971  },
{0.46076688,0.2573975 ,0.10480322,0.6091247 ,0.2573975 ,0.05370862,
  0.46254623,0.734375  ,0.10480322,0.46254623,0.9315592 ,0.61133134,
  0.6091247 ,0.734375  ,0.61133134,0.41716787},
{0.68447423,0.74323297,0.05855749,0.60752803,0.74323297,0.15193097,
  0.50527805,0.30769715,0.05855749,0.50527805,0.23093495,0.5133387 ,
  0.60752803,0.30769715,0.5133387 ,0.9554439 },
};