float input_vector[1000][100] = {{0.94507647,0.16539189,0.12086908,0.52232033,0.47123787,0.46270046,
  0.2837991 ,0.7073386 ,0.46194485,0.25478667,0.16539189,0.17186779,
  0.08325038,0.4160042 ,0.60127956,0.8613403 ,0.7384726 ,0.7324988 ,
  0.679313  ,0.16602503,0.12086908,0.08325038,0.03301361,0.9865412 ,
  0.8524603 ,0.6260287 ,0.86622435,0.24440272,0.5901547 ,0.6264234 ,
  0.52232033,0.4160042 ,0.9865412 ,0.43246084,0.6065614 ,0.7396743 ,
  0.39087516,0.41998467,0.57437354,0.32661712,0.47123787,0.60127956,
  0.8524603 ,0.6065614 ,0.6180884 ,0.17616671,0.4609374 ,0.23476756,
  0.7855386 ,0.06268587,0.46270046,0.8613403 ,0.6260287 ,0.7396743 ,
  0.17616671,0.6049316 ,0.72680736,0.868839  ,0.44681534,0.13388537,
  0.2837991 ,0.7384726 ,0.86622435,0.39087516,0.4609374 ,0.72680736,
  0.79586965,0.9861963 ,0.84125787,0.84573483,0.7073386 ,0.7324988 ,
  0.24440272,0.41998467,0.23476756,0.868839  ,0.9861963 ,0.49869356,
  0.84499604,0.2188955 ,0.46194485,0.679313  ,0.5901547 ,0.57437354,
  0.7855386 ,0.44681534,0.84125787,0.84499604,0.23046306,0.97916925,
  0.25478667,0.16602503,0.6264234 ,0.32661712,0.06268587,0.13388537,
  0.84573483,0.2188955 ,0.97916925,0.24604404},
{0.32417318,0.31380633,0.58377105,0.13747309,0.34767503,0.52370745,
  0.35070044,0.6959115 ,0.60914695,0.8316936 ,0.31380633,0.7981059 ,
  0.15220733,0.9174716 ,0.49140164,0.29253563,0.39501056,0.9267581 ,
  0.57067466,0.09929537,0.58377105,0.15220733,0.31786028,0.3986782 ,
  0.55020624,0.81467324,0.05828739,0.128767  ,0.66811115,0.01572618,
  0.13747309,0.9174716 ,0.3986782 ,0.04834514,0.8638428 ,0.28689966,
  0.4010226 ,0.41487476,0.08655895,0.75778604,0.34767503,0.49140164,
  0.55020624,0.8638428 ,0.68667644,0.26489878,0.20192857,0.7629103 ,
  0.8615478 ,0.9898599 ,0.52370745,0.29253563,0.81467324,0.28689966,
  0.26489878,0.94012284,0.7388935 ,0.87348455,0.3433891 ,0.3617426 ,
  0.35070044,0.39501056,0.05828739,0.4010226 ,0.20192857,0.7388935 ,
  0.3211133 ,0.06163058,0.81559837,0.93511456,0.6959115 ,0.9267581 ,
  0.128767  ,0.41487476,0.7629103 ,0.87348455,0.06163058,0.7805076 ,
  0.54941237,0.8123349 ,0.60914695,0.57067466,0.66811115,0.08655895,
  0.8615478 ,0.3433891 ,0.81559837,0.54941237,0.6070321 ,0.50400734,
  0.8316936 ,0.09929537,0.01572618,0.75778604,0.9898599 ,0.3617426 ,
  0.93511456,0.8123349 ,0.50400734,0.914562  },
{0.1762726 ,0.24192525,0.51692635,0.17925136,0.44273207,0.40206972,
  0.6099854 ,0.29540056,0.99069136,0.8066532 ,0.24192525,0.7306615 ,
  0.8421719 ,0.14980718,0.04374009,0.9000529 ,0.11089507,0.213777  ,
  0.24095702,0.25278726,0.51692635,0.8421719 ,0.27684584,0.48803222,
  0.8952275 ,0.46021384,0.32617754,0.8627057 ,0.53999996,0.58326465,
  0.17925136,0.14980718,0.48803222,0.05575894,0.8416301 ,0.6087712 ,
  0.28726798,0.2306413 ,0.44016606,0.6017721 ,0.44273207,0.04374009,
  0.8952275 ,0.8416301 ,0.22863539,0.35237664,0.47619867,0.2417247 ,
  0.83884436,0.61700946,0.40206972,0.9000529 ,0.46021384,0.6087712 ,
  0.35237664,0.10572367,0.97926664,0.61305   ,0.75325286,0.06534515,
  0.6099854 ,0.11089507,0.32617754,0.28726798,0.47619867,0.97926664,
  0.69402957,0.17623426,0.3525982 ,0.49766394,0.29540056,0.213777  ,
  0.8627057 ,0.2306413 ,0.2417247 ,0.61305   ,0.17623426,0.67549103,
  0.05335535,0.9737406 ,0.99069136,0.24095702,0.53999996,0.44016606,
  0.83884436,0.75325286,0.3525982 ,0.05335535,0.04487545,0.66830075,
  0.8066532 ,0.25278726,0.58326465,0.6017721 ,0.61700946,0.06534515,
  0.49766394,0.9737406 ,0.66830075,0.3913302 },
{0.8765242 ,0.1884727 ,0.7821168 ,0.3883167 ,0.58732325,0.8964465 ,
  0.7637407 ,0.6466368 ,0.16863255,0.95301104,0.1884727 ,0.05453391,
  0.24896586,0.03268715,0.05555255,0.93747646,0.25937045,0.21567523,
  0.11337871,0.6654658 ,0.7821168 ,0.24896586,0.7749217 ,0.35176957,
  0.1994525 ,0.00865361,0.08328442,0.32963654,0.02346627,0.49324402,
  0.3883167 ,0.03268715,0.35176957,0.40288755,0.27937645,0.8355465 ,
  0.56535685,0.5048704 ,0.8587251 ,0.27094826,0.58732325,0.05555255,
  0.1994525 ,0.27937645,0.77093756,0.9732991 ,0.40691033,0.7040215 ,
  0.37348193,0.04965127,0.8964465 ,0.93747646,0.00865361,0.8355465 ,
  0.9732991 ,0.5707039 ,0.00625618,0.5087137 ,0.39833617,0.16379596,
  0.7637407 ,0.25937045,0.08328442,0.56535685,0.40691033,0.00625618,
  0.60529405,0.41421217,0.81769335,0.61737376,0.6466368 ,0.21567523,
  0.32963654,0.5048704 ,0.7040215 ,0.5087137 ,0.41421217,0.44432572,
  0.9880893 ,0.1578171 ,0.16863255,0.11337871,0.02346627,0.8587251 ,
  0.37348193,0.39833617,0.81769335,0.9880893 ,0.910926  ,0.62847614,
  0.95301104,0.6654658 ,0.49324402,0.27094826,0.04965127,0.16379596,
  0.61737376,0.1578171 ,0.62847614,0.15738043},
{0.70576274,0.01231215,0.3651602 ,0.80398256,0.46664804,0.5046629 ,
  0.75687605,0.88357663,0.3667753 ,0.87291265,0.01231215,0.16047321,
  0.8354632 ,0.15188973,0.66673446,0.9604778 ,0.02275258,0.6580467 ,
  0.668009  ,0.53778887,0.3651602 ,0.8354632 ,0.10137346,0.5936066 ,
  0.28383088,0.9441466 ,0.01851563,0.46118265,0.6685528 ,0.8347055 ,
  0.80398256,0.15188973,0.5936066 ,0.80726975,0.06536686,0.56458026,
  0.95655304,0.10634638,0.34839264,0.13366431,0.46664804,0.66673446,
  0.28383088,0.06536686,0.32165888,0.18630762,0.6517306 ,0.05498672,
  0.55167186,0.63161606,0.5046629 ,0.9604778 ,0.9441466 ,0.56458026,
  0.18630762,0.91459477,0.7098645 ,0.44977564,0.43596232,0.5220567 ,
  0.75687605,0.02275258,0.01851563,0.95655304,0.6517306 ,0.7098645 ,
  0.4073918 ,0.51903224,0.33409312,0.77216667,0.88357663,0.6580467 ,
  0.46118265,0.10634638,0.05498672,0.44977564,0.51903224,0.95476675,
  0.9804356 ,0.5731948 ,0.3667753 ,0.668009  ,0.6685528 ,0.34839264,
  0.55167186,0.43596232,0.33409312,0.9804356 ,0.46531436,0.517824  ,
  0.87291265,0.53778887,0.8347055 ,0.13366431,0.63161606,0.5220567 ,
  0.77216667,0.5731948 ,0.517824  ,0.5100178 },
{0.11139844,0.24220423,0.30360886,0.55014163,0.735986  ,0.49928465,
  0.97998726,0.9692891 ,0.89167315,0.7702357 ,0.24220423,0.89451957,
  0.42218864,0.1540465 ,0.5969135 ,0.10926265,0.48998204,0.34966025,
  0.37644637,0.9101049 ,0.30360886,0.42218864,0.73756516,0.78187394,
  0.12689473,0.1549323 ,0.1370469 ,0.647472  ,0.1929642 ,0.00471409,
  0.55014163,0.1540465 ,0.78187394,0.3952305 ,0.00211756,0.5939877 ,
  0.95531476,0.11954963,0.6209599 ,0.4950384 ,0.735986  ,0.5969135 ,
  0.12689473,0.00211756,0.9962118 ,0.16459566,0.01201231,0.46556973,
  0.2525589 ,0.11922239,0.49928465,0.10926265,0.1549323 ,0.5939877 ,
  0.16459566,0.57438046,0.19111219,0.1145231 ,0.10435634,0.29744262,
  0.97998726,0.48998204,0.1370469 ,0.95531476,0.01201231,0.19111219,
  0.35560113,0.1287331 ,0.57582974,0.6285476 ,0.9692891 ,0.34966025,
  0.647472  ,0.11954963,0.46556973,0.1145231 ,0.1287331 ,0.84796065,
  0.06473393,0.5194572 ,0.89167315,0.37644637,0.1929642 ,0.6209599 ,
  0.2525589 ,0.10435634,0.57582974,0.06473393,0.09883589,0.56329566,
  0.7702357 ,0.9101049 ,0.00471409,0.4950384 ,0.11922239,0.29744262,
  0.6285476 ,0.5194572 ,0.56329566,0.63671213},
{0.44451103,0.6039244 ,0.44566256,0.43613434,0.8113512 ,0.4764821 ,
  0.0865477 ,0.13321683,0.16514523,0.06618215,0.6039244 ,0.8502863 ,
  0.07606191,0.78775954,0.7581314 ,0.81136686,0.6873729 ,0.51413125,
  0.6964474 ,0.13310573,0.44566256,0.07606191,0.4979443 ,0.8939073 ,
  0.5530001 ,0.3900754 ,0.63993543,0.8142001 ,0.71834445,0.6103083 ,
  0.43613434,0.78775954,0.8939073 ,0.5869143 ,0.5547094 ,0.318087  ,
  0.2398286 ,0.29947156,0.31711954,0.07963185,0.8113512 ,0.7581314 ,
  0.5530001 ,0.5547094 ,0.50241643,0.13673022,0.6287047 ,0.53770494,
  0.09292059,0.906666  ,0.4764821 ,0.81136686,0.3900754 ,0.318087  ,
  0.13673022,0.56530255,0.88265824,0.5516547 ,0.95257574,0.0897083 ,
  0.0865477 ,0.6873729 ,0.63993543,0.2398286 ,0.6287047 ,0.88265824,
  0.39979655,0.46132445,0.58479863,0.44037917,0.13321683,0.51413125,
  0.8142001 ,0.29947156,0.53770494,0.5516547 ,0.46132445,0.32241666,
  0.4371215 ,0.30449444,0.16514523,0.6964474 ,0.71834445,0.31711954,
  0.09292059,0.95257574,0.58479863,0.4371215 ,0.2775465 ,0.82330287,
  0.06618215,0.13310573,0.6103083 ,0.07963185,0.906666  ,0.0897083 ,
  0.44037917,0.30449444,0.82330287,0.93640417},
{0.27477038,0.0960764 ,0.3061216 ,0.686884  ,0.29068714,0.57156485,
  0.5647047 ,0.32267296,0.5689498 ,0.56401545,0.0960764 ,0.17437913,
  0.05213654,0.8428564 ,0.45351613,0.08136922,0.8793672 ,0.6158567 ,
  0.6923271 ,0.8473477 ,0.3061216 ,0.05213654,0.26260814,0.25709742,
  0.9336363 ,0.3182468 ,0.30311742,0.9545576 ,0.96185076,0.10890405,
  0.686884  ,0.8428564 ,0.25709742,0.38995653,0.6438195 ,0.140285  ,
  0.28486806,0.68466866,0.1886939 ,0.00938768,0.29068714,0.45351613,
  0.9336363 ,0.6438195 ,0.8906178 ,0.08972771,0.9093556 ,0.8056474 ,
  0.53470284,0.7464765 ,0.57156485,0.08136922,0.3182468 ,0.140285  ,
  0.08972771,0.16415107,0.12023619,0.8051932 ,0.07419238,0.38602605,
  0.5647047 ,0.8793672 ,0.30311742,0.28486806,0.9093556 ,0.12023619,
  0.9613382 ,0.9052441 ,0.8353366 ,0.01962336,0.32267296,0.6158567 ,
  0.9545576 ,0.68466866,0.8056474 ,0.8051932 ,0.9052441 ,0.65041685,
  0.1585141 ,0.10892795,0.5689498 ,0.6923271 ,0.96185076,0.1886939 ,
  0.53470284,0.07419238,0.8353366 ,0.1585141 ,0.00251296,0.8628851 ,
  0.56401545,0.8473477 ,0.10890405,0.00938768,0.7464765 ,0.38602605,
  0.01962336,0.10892795,0.8628851 ,0.10295246},
{0.00737552,0.63973826,0.20528552,0.0813034 ,0.7244288 ,0.32015532,
  0.36131328,0.9470655 ,0.43528217,0.72575647,0.63973826,0.5476814 ,
  0.05284495,0.7870658 ,0.12168421,0.96389747,0.5956139 ,0.82380986,
  0.10777344,0.7727968 ,0.20528552,0.05284495,0.66301954,0.5502162 ,
  0.07651207,0.81692386,0.35660538,0.49116126,0.22846411,0.49973148,
  0.0813034 ,0.7870658 ,0.5502162 ,0.44751883,0.3320799 ,0.06041757,
  0.4693342 ,0.8298359 ,0.7179833 ,0.39684373,0.7244288 ,0.12168421,
  0.07651207,0.3320799 ,0.92101717,0.07635195,0.61207885,0.06355785,
  0.79519707,0.7972797 ,0.32015532,0.96389747,0.81692386,0.06041757,
  0.07635195,0.9260919 ,0.0257455 ,0.42812994,0.64888626,0.18157388,
  0.36131328,0.5956139 ,0.35660538,0.4693342 ,0.61207885,0.0257455 ,
  0.9865049 ,0.15773606,0.35052183,0.19229709,0.9470655 ,0.82380986,
  0.49116126,0.8298359 ,0.06355785,0.42812994,0.15773606,0.20072119,
  0.19618121,0.3748401 ,0.43528217,0.10777344,0.22846411,0.7179833 ,
  0.79519707,0.64888626,0.35052183,0.19618121,0.65919834,0.7358587 ,
  0.72575647,0.7727968 ,0.49973148,0.39684373,0.7972797 ,0.18157388,
  0.19229709,0.3748401 ,0.7358587 ,0.00827023},
{0.69750184,0.11026885,0.52372265,0.8827739 ,0.83081746,0.9625276 ,
  0.94818646,0.46105745,0.33075455,0.5238022 ,0.11026885,0.34249544,
  0.9712828 ,0.12997626,0.846923  ,0.66682076,0.27855256,0.6543188 ,
  0.46453723,0.46322945,0.52372265,0.9712828 ,0.60143876,0.35816917,
  0.94786125,0.3362044 ,0.6884656 ,0.09449922,0.9376265 ,0.81407785,
  0.8827739 ,0.12997626,0.35816917,0.96668327,0.4747069 ,0.17508934,
  0.41639292,0.53530383,0.6550316 ,0.4812401 ,0.83081746,0.846923  ,
  0.94786125,0.4747069 ,0.24921896,0.3396813 ,0.9710225 ,0.8682927 ,
  0.20929892,0.32467136,0.9625276 ,0.66682076,0.3362044 ,0.17508934,
  0.3396813 ,0.66637844,0.27951324,0.66660094,0.07430334,0.7653833 ,
  0.94818646,0.27855256,0.6884656 ,0.41639292,0.9710225 ,0.27951324,
  0.46539918,0.9610851 ,0.8674945 ,0.19327511,0.46105745,0.6543188 ,
  0.09449922,0.53530383,0.8682927 ,0.66660094,0.9610851 ,0.36714017,
  0.27399248,0.4479569 ,0.33075455,0.46453723,0.9376265 ,0.6550316 ,
  0.20929892,0.07430334,0.8674945 ,0.27399248,0.13758646,0.04112231,
  0.5238022 ,0.46322945,0.81407785,0.4812401 ,0.32467136,0.7653833 ,
  0.19327511,0.4479569 ,0.04112231,0.6426972 },
{0.26563045,0.60802203,0.13166472,0.19032945,0.22070906,0.6585266 ,
  0.42691037,0.12923002,0.16302282,0.3032012 ,0.60802203,0.57228905,
  0.90075886,0.34213006,0.22260305,0.563788  ,0.05597967,0.9220697 ,
  0.47033337,0.08862288,0.13166472,0.90075886,0.13939829,0.6462944 ,
  0.92284733,0.18682471,0.08049605,0.9433286 ,0.3788735 ,0.1048376 ,
  0.19032945,0.34213006,0.6462944 ,0.67243344,0.08498251,0.10600152,
  0.57771516,0.24253485,0.12288319,0.9664364 ,0.22070906,0.22260305,
  0.92284733,0.08498251,0.9224479 ,0.55912656,0.5657222 ,0.40809488,
  0.17650908,0.9546845 ,0.6585266 ,0.563788  ,0.18682471,0.10600152,
  0.55912656,0.8443151 ,0.50510585,0.98908484,0.71201676,0.36284104,
  0.42691037,0.05597967,0.08049605,0.57771516,0.5657222 ,0.50510585,
  0.79103494,0.82474476,0.73014605,0.68685955,0.12923002,0.9220697 ,
  0.9433286 ,0.24253485,0.40809488,0.98908484,0.82474476,0.7089942 ,
  0.535646  ,0.6074985 ,0.16302282,0.47033337,0.3788735 ,0.12288319,
  0.17650908,0.71201676,0.73014605,0.535646  ,0.52958685,0.5781232 ,
  0.3032012 ,0.08862288,0.1048376 ,0.9664364 ,0.9546845 ,0.36284104,
  0.68685955,0.6074985 ,0.5781232 ,0.94142586},
{0.11225687,0.9506218 ,0.6486944 ,0.23124279,0.03298727,0.09395459,
  0.22332294,0.82052124,0.47242087,0.6372817 ,0.9506218 ,0.08639674,
  0.75247747,0.57156074,0.23033541,0.18069191,0.13000926,0.4368669 ,
  0.45941302,0.6217152 ,0.6486944 ,0.75247747,0.33712783,0.06204201,
  0.6827765 ,0.6348353 ,0.8548228 ,0.8351388 ,0.8702056 ,0.8533699 ,
  0.23124279,0.57156074,0.06204201,0.38667753,0.74281543,0.66296035,
  0.1598042 ,0.28121823,0.33512488,0.52289975,0.03298727,0.23033541,
  0.6827765 ,0.74281543,0.56268793,0.899054  ,0.4102959 ,0.24387093,
  0.1726661 ,0.23877707,0.09395459,0.18069191,0.6348353 ,0.66296035,
  0.899054  ,0.26278552,0.356933  ,0.6492976 ,0.83321655,0.09478619,
  0.22332294,0.13000926,0.8548228 ,0.1598042 ,0.4102959 ,0.356933  ,
  0.39084786,0.1569062 ,0.8100886 ,0.04580132,0.82052124,0.4368669 ,
  0.8351388 ,0.28121823,0.24387093,0.6492976 ,0.1569062 ,0.3305647 ,
  0.32709366,0.37628484,0.47242087,0.45941302,0.8702056 ,0.33512488,
  0.1726661 ,0.83321655,0.8100886 ,0.32709366,0.08298238,0.5928531 ,
  0.6372817 ,0.6217152 ,0.8533699 ,0.52289975,0.23877707,0.09478619,
  0.04580132,0.37628484,0.5928531 ,0.04403574},
{0.8654527 ,0.85352606,0.54665756,0.8713927 ,0.7246838 ,0.22690392,
  0.6318038 ,0.6663925 ,0.31467393,0.6309361 ,0.85352606,0.33329788,
  0.21894369,0.34739253,0.7337516 ,0.5313842 ,0.60960835,0.14341438,
  0.48072404,0.04799017,0.54665756,0.21894369,0.85832334,0.11596213,
  0.5545016 ,0.6839586 ,0.94650143,0.6159358 ,0.46481514,0.02461807,
  0.8713927 ,0.34739253,0.11596213,0.68145216,0.8630517 ,0.71196866,
  0.26548746,0.48310414,0.8228985 ,0.7612348 ,0.7246838 ,0.7337516 ,
  0.5545016 ,0.8630517 ,0.7400246 ,0.46411762,0.39264682,0.80788344,
  0.01861751,0.93967056,0.22690392,0.5313842 ,0.6839586 ,0.71196866,
  0.46411762,0.7289621 ,0.49529138,0.3360058 ,0.06779502,0.4084015 ,
  0.6318038 ,0.60960835,0.94650143,0.26548746,0.39264682,0.49529138,
  0.4136051 ,0.9190409 ,0.5451994 ,0.02321913,0.6663925 ,0.14341438,
  0.6159358 ,0.48310414,0.80788344,0.3360058 ,0.9190409 ,0.134231  ,
  0.9030631 ,0.32895216,0.31467393,0.48072404,0.46481514,0.8228985 ,
  0.01861751,0.06779502,0.5451994 ,0.9030631 ,0.97671753,0.7503866 ,
  0.6309361 ,0.04799017,0.02461807,0.7612348 ,0.93967056,0.4084015 ,
  0.02321913,0.32895216,0.7503866 ,0.30058768},
{0.25595376,0.27781054,0.51919585,0.14545658,0.6759653 ,0.9905517 ,
  0.17798612,0.99515015,0.8609468 ,0.1616574 ,0.27781054,0.9215905 ,
  0.7613755 ,0.32888854,0.07828701,0.242842  ,0.5500075 ,0.83187795,
  0.8867938 ,0.73880786,0.51919585,0.7613755 ,0.77355695,0.2066865 ,
  0.3321189 ,0.8035128 ,0.16058618,0.8909076 ,0.03966369,0.2259211 ,
  0.14545658,0.32888854,0.2066865 ,0.3179962 ,0.4890079 ,0.91959655,
  0.41011795,0.224778  ,0.7916888 ,0.75883645,0.6759653 ,0.07828701,
  0.3321189 ,0.4890079 ,0.43634945,0.23975542,0.42266357,0.05819635,
  0.28952807,0.578651  ,0.9905517 ,0.242842  ,0.8035128 ,0.91959655,
  0.23975542,0.22699028,0.30079505,0.14712526,0.70246106,0.45309302,
  0.17798612,0.5500075 ,0.16058618,0.41011795,0.42266357,0.30079505,
  0.57716686,0.7245777 ,0.1116093 ,0.68343574,0.99515015,0.83187795,
  0.8909076 ,0.224778  ,0.05819635,0.14712526,0.7245777 ,0.9598331 ,
  0.63631415,0.8335657 ,0.8609468 ,0.8867938 ,0.03966369,0.7916888 ,
  0.28952807,0.70246106,0.1116093 ,0.63631415,0.4670213 ,0.7783568 ,
  0.1616574 ,0.73880786,0.2259211 ,0.75883645,0.578651  ,0.45309302,
  0.68343574,0.8335657 ,0.7783568 ,0.4694103 },
{0.40910017,0.3864807 ,0.9975612 ,0.8306571 ,0.4815981 ,0.23570155,
  0.6964034 ,0.87463   ,0.04547441,0.5935747 ,0.3864807 ,0.6416334 ,
  0.36432496,0.14160015,0.21765737,0.59944135,0.565837  ,0.26949164,
  0.169685  ,0.8470204 ,0.9975612 ,0.36432496,0.35844675,0.30887774,
  0.56777626,0.02405558,0.23903488,0.16614473,0.3819126 ,0.12454697,
  0.8306571 ,0.14160015,0.30887774,0.8553549 ,0.8364499 ,0.04949335,
  0.69689846,0.9544366 ,0.52368814,0.5279814 ,0.4815981 ,0.21765737,
  0.56777626,0.8364499 ,0.47560638,0.40009415,0.7121397 ,0.6489709 ,
  0.7909079 ,0.76160824,0.23570155,0.59944135,0.02405558,0.04949335,
  0.40009415,0.8106149 ,0.59036   ,0.7355939 ,0.03954472,0.01635579,
  0.6964034 ,0.565837  ,0.23903488,0.69689846,0.7121397 ,0.59036   ,
  0.48395145,0.2462602 ,0.9451493 ,0.525223  ,0.87463   ,0.26949164,
  0.16614473,0.9544366 ,0.6489709 ,0.7355939 ,0.2462602 ,0.88781744,
  0.18180932,0.24259205,0.04547441,0.169685  ,0.3819126 ,0.52368814,
  0.7909079 ,0.03954472,0.9451493 ,0.18180932,0.69334584,0.00155069,
  0.5935747 ,0.8470204 ,0.12454697,0.5279814 ,0.76160824,0.01635579,
  0.525223  ,0.24259205,0.00155069,0.11857699},
{0.8676316 ,0.5204939 ,0.1296006 ,0.74815243,0.8525411 ,0.6085734 ,
  0.8345347 ,0.8265589 ,0.5396565 ,0.60771954,0.5204939 ,0.7436742 ,
  0.0106256 ,0.8083951 ,0.43149093,0.38803136,0.8452082 ,0.604413  ,
  0.88378036,0.03138713,0.1296006 ,0.0106256 ,0.11436777,0.11839997,
  0.33733043,0.27040434,0.40445876,0.97138876,0.08213802,0.55703443,
  0.74815243,0.8083951 ,0.11839997,0.5861911 ,0.03883005,0.23109068,
  0.34455162,0.66890955,0.11803509,0.559662  ,0.8525411 ,0.43149093,
  0.33733043,0.03883005,0.08173695,0.49030894,0.21520057,0.00967903,
  0.7637499 ,0.7695544 ,0.6085734 ,0.38803136,0.27040434,0.23109068,
  0.49030894,0.38845727,0.8334569 ,0.40851447,0.4109896 ,0.8710651 ,
  0.8345347 ,0.8452082 ,0.40445876,0.34455162,0.21520057,0.8334569 ,
  0.9351722 ,0.49094957,0.0059293 ,0.8027952 ,0.8265589 ,0.604413  ,
  0.97138876,0.66890955,0.00967903,0.40851447,0.49094957,0.86712307,
  0.5647468 ,0.6226795 ,0.5396565 ,0.88378036,0.08213802,0.11803509,
  0.7637499 ,0.4109896 ,0.0059293 ,0.5647468 ,0.34078828,0.35491687,
  0.60771954,0.03138713,0.55703443,0.559662  ,0.7695544 ,0.8710651 ,
  0.8027952 ,0.6226795 ,0.35491687,0.08415011},
{0.80392593,0.1818154 ,0.4480993 ,0.88198376,0.4059845 ,0.6694946 ,
  0.06722329,0.3029345 ,0.26826403,0.07879802,0.1818154 ,0.35271066,
  0.13529079,0.1269005 ,0.25458616,0.9922685 ,0.6990041 ,0.37792176,
  0.6730014 ,0.32402003,0.4480993 ,0.13529079,0.2952625 ,0.57208055,
  0.5268982 ,0.7812238 ,0.16799363,0.2672743 ,0.8632156 ,0.3723521 ,
  0.88198376,0.1269005 ,0.57208055,0.08930688,0.61032206,0.89809215,
  0.11694299,0.8382253 ,0.03855685,0.44685584,0.4059845 ,0.25458616,
  0.5268982 ,0.61032206,0.05891153,0.3022077 ,0.26980448,0.16179815,
  0.9973611 ,0.5572316 ,0.6694946 ,0.9922685 ,0.7812238 ,0.89809215,
  0.3022077 ,0.36790588,0.62895226,0.24032591,0.252122  ,0.1811847 ,
  0.06722329,0.6990041 ,0.16799363,0.11694299,0.26980448,0.62895226,
  0.08550671,0.7456395 ,0.05026835,0.44497597,0.3029345 ,0.37792176,
  0.2672743 ,0.8382253 ,0.16179815,0.24032591,0.7456395 ,0.51318616,
  0.6815328 ,0.73770607,0.26826403,0.6730014 ,0.8632156 ,0.03855685,
  0.9973611 ,0.252122  ,0.05026835,0.6815328 ,0.44573116,0.985774  ,
  0.07879802,0.32402003,0.3723521 ,0.44685584,0.5572316 ,0.1811847 ,
  0.44497597,0.73770607,0.985774  ,0.8673074 },
{0.48142198,0.5548618 ,0.90049493,0.38370028,0.72815084,0.36601856,
  0.3725156 ,0.10876723,0.15665472,0.36332646,0.5548618 ,0.32343727,
  0.88990664,0.58672196,0.2868811 ,0.9829342 ,0.8163879 ,0.21671481,
  0.0061328 ,0.3117345 ,0.90049493,0.88990664,0.07470629,0.24607581,
  0.51341647,0.19670402,0.6149472 ,0.7810883 ,0.69160074,0.61718416,
  0.38370028,0.58672196,0.24607581,0.8783274 ,0.9499489 ,0.8115172 ,
  0.45432863,0.68039435,0.39580128,0.4839355 ,0.72815084,0.2868811 ,
  0.51341647,0.9499489 ,0.4783489 ,0.98634154,0.73627985,0.30427352,
  0.35388196,0.757588  ,0.36601856,0.9829342 ,0.19670402,0.8115172 ,
  0.98634154,0.8973803 ,0.76164186,0.40924376,0.01680131,0.11689565,
  0.3725156 ,0.8163879 ,0.6149472 ,0.45432863,0.73627985,0.76164186,
  0.5033899 ,0.22900331,0.3743761 ,0.5228379 ,0.10876723,0.21671481,
  0.7810883 ,0.68039435,0.30427352,0.40924376,0.22900331,0.9188027 ,
  0.6227157 ,0.63335586,0.15665472,0.0061328 ,0.69160074,0.39580128,
  0.35388196,0.01680131,0.3743761 ,0.6227157 ,0.6446222 ,0.96816427,
  0.36332646,0.3117345 ,0.61718416,0.4839355 ,0.757588  ,0.11689565,
  0.5228379 ,0.63335586,0.96816427,0.86067057},
{0.97603345,0.36026162,0.8483967 ,0.4938656 ,0.71463346,0.23180586,
  0.3015313 ,0.5257043 ,0.45656455,0.5179702 ,0.36026162,0.6029899 ,
  0.5358899 ,0.02983215,0.7703943 ,0.72596496,0.9620224 ,0.33382985,
  0.9903764 ,0.6282613 ,0.8483967 ,0.5358899 ,0.28041533,0.28462964,
  0.29710418,0.7842541 ,0.6379138 ,0.7070601 ,0.65091646,0.74361473,
  0.4938656 ,0.02983215,0.28462964,0.6947568 ,0.36698675,0.18741962,
  0.18379405,0.41360915,0.35361892,0.72277886,0.71463346,0.7703943 ,
  0.29710418,0.36698675,0.8174991 ,0.1636148 ,0.22587737,0.7715907 ,
  0.652726  ,0.9897868 ,0.23180586,0.72596496,0.7842541 ,0.18741962,
  0.1636148 ,0.21759772,0.30937943,0.9734474 ,0.13321233,0.26977262,
  0.3015313 ,0.9620224 ,0.6379138 ,0.18379405,0.22587737,0.30937943,
  0.5781489 ,0.90296257,0.9774551 ,0.8158932 ,0.5257043 ,0.33382985,
  0.7070601 ,0.41360915,0.7715907 ,0.9734474 ,0.90296257,0.84134597,
  0.38636234,0.8256452 ,0.45656455,0.9903764 ,0.65091646,0.35361892,
  0.652726  ,0.13321233,0.9774551 ,0.38636234,0.7859414 ,0.41081974,
  0.5179702 ,0.6282613 ,0.74361473,0.72277886,0.9897868 ,0.26977262,
  0.8158932 ,0.8256452 ,0.41081974,0.11972232},
{0.42914563,0.53057426,0.6611115 ,0.31763646,0.49320826,0.01355478,
  0.5472662 ,0.30811992,0.13284701,0.91547537,0.53057426,0.60168487,
  0.62018836,0.31781024,0.4401542 ,0.34798303,0.04232709,0.75818145,
  0.01133948,0.2411208 ,0.6611115 ,0.62018836,0.6254041 ,0.33541754,
  0.5202658 ,0.15592152,0.8642004 ,0.22824132,0.6369348 ,0.33009133,
  0.31763646,0.31781024,0.33541754,0.42933518,0.6809932 ,0.8699012 ,
  0.93560326,0.21480781,0.26054373,0.07032465,0.49320826,0.4401542 ,
  0.5202658 ,0.6809932 ,0.179097  ,0.52840066,0.10177855,0.868477  ,
  0.89788216,0.15504675,0.01355478,0.34798303,0.15592152,0.8699012 ,
  0.52840066,0.5947871 ,0.07205652,0.94169414,0.4999619 ,0.7456249 ,
  0.5472662 ,0.04232709,0.8642004 ,0.93560326,0.10177855,0.07205652,
  0.566395  ,0.20989746,0.46139327,0.39361545,0.30811992,0.75818145,
  0.22824132,0.21480781,0.868477  ,0.94169414,0.20989746,0.2517173 ,
  0.13753551,0.12569954,0.13284701,0.01133948,0.6369348 ,0.26054373,
  0.89788216,0.4999619 ,0.46139327,0.13753551,0.49673244,0.9814136 ,
  0.91547537,0.2411208 ,0.33009133,0.07032465,0.15504675,0.7456249 ,
  0.39361545,0.12569954,0.9814136 ,0.49161085},
{0.18958324,0.35782513,0.13212617,0.6712254 ,0.06540205,0.517742  ,
  0.31530294,0.8533352 ,0.73865485,0.01314202,0.35782513,0.7907151 ,
  0.5300386 ,0.34412807,0.7852606 ,0.81989056,0.72246903,0.18038906,
  0.83738875,0.14080347,0.13212617,0.5300386 ,0.27057004,0.7912496 ,
  0.9525959 ,0.489978  ,0.14538148,0.19438699,0.449094  ,0.11964664,
  0.6712254 ,0.34412807,0.7912496 ,0.9027302 ,0.8061468 ,0.8736319 ,
  0.21156152,0.15833578,0.3923966 ,0.1824497 ,0.06540205,0.7852606 ,
  0.9525959 ,0.8061468 ,0.3861769 ,0.39365646,0.735497  ,0.17653492,
  0.41884446,0.05676769,0.517742  ,0.81989056,0.489978  ,0.8736319 ,
  0.39365646,0.04200242,0.19462755,0.7668428 ,0.6090064 ,0.89737695,
  0.31530294,0.72246903,0.14538148,0.21156152,0.735497  ,0.19462755,
  0.2869515 ,0.7023234 ,0.5727282 ,0.58840233,0.8533352 ,0.18038906,
  0.19438699,0.15833578,0.17653492,0.7668428 ,0.7023234 ,0.7345075 ,
  0.14387201,0.30402946,0.73865485,0.83738875,0.449094  ,0.3923966 ,
  0.41884446,0.6090064 ,0.5727282 ,0.14387201,0.16105452,0.94683486,
  0.01314202,0.14080347,0.11964664,0.1824497 ,0.05676769,0.89737695,
  0.58840233,0.30402946,0.94683486,0.7970968 },
{0.50601953,0.01147111,0.69887   ,0.5647521 ,0.18152262,0.6800522 ,
  0.7686869 ,0.01561206,0.0925066 ,0.77094984,0.01147111,0.44057032,
  0.12473245,0.15454368,0.3928975 ,0.770526  ,0.88530135,0.30835333,
  0.6326674 ,0.14457247,0.69887   ,0.12473245,0.16348766,0.02742911,
  0.11303491,0.6064979 ,0.6802478 ,0.14060666,0.4535494 ,0.1010499 ,
  0.5647521 ,0.15454368,0.02742911,0.3662331 ,0.0935832 ,0.18051375,
  0.64312375,0.614869  ,0.5069477 ,0.03973998,0.18152262,0.3928975 ,
  0.11303491,0.0935832 ,0.10163963,0.64104885,0.12638012,0.92878896,
  0.31843072,0.662865  ,0.6800522 ,0.770526  ,0.6064979 ,0.18051375,
  0.64104885,0.12218226,0.29931772,0.85472   ,0.9621182 ,0.8035706 ,
  0.7686869 ,0.88530135,0.6802478 ,0.64312375,0.12638012,0.29931772,
  0.996244  ,0.37024367,0.06004792,0.57783717,0.01561206,0.30835333,
  0.14060666,0.614869  ,0.92878896,0.85472   ,0.37024367,0.9890752 ,
  0.08732399,0.2766906 ,0.0925066 ,0.6326674 ,0.4535494 ,0.5069477 ,
  0.31843072,0.9621182 ,0.06004792,0.08732399,0.8446438 ,0.9984625 ,
  0.77094984,0.14457247,0.1010499 ,0.03973998,0.662865  ,0.8035706 ,
  0.57783717,0.2766906 ,0.9984625 ,0.34419566},
{0.570185  ,0.12792933,0.40755823,0.66085154,0.8627426 ,0.6942889 ,
  0.98119575,0.03099809,0.64238477,0.15370098,0.12792933,0.09116131,
  0.00433065,0.94290805,0.7455323 ,0.15282282,0.5130773 ,0.3764015 ,
  0.80447143,0.47661012,0.40755823,0.00433065,0.21898821,0.5903465 ,
  0.03778566,0.28576505,0.1645241 ,0.2782707 ,0.11022579,0.00142153,
  0.66085154,0.94290805,0.5903465 ,0.3864244 ,0.4128803 ,0.6354699 ,
  0.38132617,0.4736897 ,0.7082172 ,0.23712808,0.8627426 ,0.7455323 ,
  0.03778566,0.4128803 ,0.15003848,0.5854828 ,0.9420324 ,0.9583352 ,
  0.2951658 ,0.3923815 ,0.6942889 ,0.15282282,0.28576505,0.6354699 ,
  0.5854828 ,0.387755  ,0.36656246,0.7361602 ,0.88162744,0.9956595 ,
  0.98119575,0.5130773 ,0.1645241 ,0.38132617,0.9420324 ,0.36656246,
  0.08003646,0.7012807 ,0.3394474 ,0.12394524,0.03099809,0.3764015 ,
  0.2782707 ,0.4736897 ,0.9583352 ,0.7361602 ,0.7012807 ,0.03901459,
  0.5076479 ,0.07202856,0.64238477,0.80447143,0.11022579,0.7082172 ,
  0.2951658 ,0.88162744,0.3394474 ,0.5076479 ,0.4064272 ,0.45283917,
  0.15370098,0.47661012,0.00142153,0.23712808,0.3923815 ,0.9956595 ,
  0.12394524,0.07202856,0.45283917,0.5798626 },
{0.97916484,0.39767715,0.29315376,0.2644503 ,0.99922025,0.32852653,
  0.97333515,0.29188418,0.26071668,0.52262276,0.39767715,0.3662826 ,
  0.43434802,0.16362926,0.7123774 ,0.58547205,0.21885021,0.13053362,
  0.6880536 ,0.8433465 ,0.29315376,0.43434802,0.11481033,0.02763891,
  0.2678954 ,0.23628293,0.15945783,0.23156227,0.7634573 ,0.22278075,
  0.2644503 ,0.16362926,0.02763891,0.4640152 ,0.10561222,0.2735966 ,
  0.80759054,0.33104393,0.31842163,0.22759831,0.99922025,0.7123774 ,
  0.2678954 ,0.10561222,0.15796709,0.19085269,0.10472806,0.34812668,
  0.87153   ,0.05499867,0.32852653,0.58547205,0.23628293,0.2735966 ,
  0.19085269,0.76481   ,0.27356717,0.6697022 ,0.95081174,0.5709519 ,
  0.97333515,0.21885021,0.15945783,0.80759054,0.10472806,0.27356717,
  0.20983931,0.15682122,0.62631816,0.02042982,0.29188418,0.13053362,
  0.23156227,0.33104393,0.34812668,0.6697022 ,0.15682122,0.82221603,
  0.15277068,0.32805014,0.26071668,0.6880536 ,0.7634573 ,0.31842163,
  0.87153   ,0.95081174,0.62631816,0.15277068,0.54226905,0.7394611 ,
  0.52262276,0.8433465 ,0.22278075,0.22759831,0.05499867,0.5709519 ,
  0.02042982,0.32805014,0.7394611 ,0.1054367 },
{0.66530097,0.42813095,0.23531832,0.49327523,0.8712993 ,0.74024343,
  0.9958599 ,0.8142929 ,0.9572308 ,0.34942368,0.42813095,0.9923056 ,
  0.5779248 ,0.25453362,0.34617835,0.14824037,0.4735492 ,0.5087274 ,
  0.8524529 ,0.46216595,0.23531832,0.5779248 ,0.91835624,0.26111612,
  0.8686796 ,0.8673528 ,0.01113217,0.9606959 ,0.8549719 ,0.5103242 ,
  0.49327523,0.25453362,0.26111612,0.7814181 ,0.5986941 ,0.6702555 ,
  0.5755018 ,0.79161376,0.97413486,0.89834017,0.8712993 ,0.34617835,
  0.8686796 ,0.5986941 ,0.68303984,0.11954269,0.5463728 ,0.11248457,
  0.80289304,0.08245671,0.74024343,0.14824037,0.8673528 ,0.6702555 ,
  0.11954269,0.8151755 ,0.9483221 ,0.0339576 ,0.9589795 ,0.53118634,
  0.9958599 ,0.4735492 ,0.01113217,0.5755018 ,0.5463728 ,0.9483221 ,
  0.4947666 ,0.14556839,0.2908858 ,0.65755403,0.8142929 ,0.5087274 ,
  0.9606959 ,0.79161376,0.11248457,0.0339576 ,0.14556839,0.01871069,
  0.99601334,0.98127997,0.9572308 ,0.8524529 ,0.8549719 ,0.97413486,
  0.80289304,0.9589795 ,0.2908858 ,0.99601334,0.53866994,0.13842773,
  0.34942368,0.46216595,0.5103242 ,0.89834017,0.08245671,0.53118634,
  0.65755403,0.98127997,0.13842773,0.9630775 },
{0.6601961 ,0.33723643,0.3354746 ,0.129435  ,0.694905  ,0.6915685 ,
  0.32147145,0.2723492 ,0.45273387,0.7022486 ,0.33723643,0.32206205,
  0.18434264,0.8163242 ,0.50037026,0.80413646,0.32140693,0.9873605 ,
  0.46915236,0.604232  ,0.3354746 ,0.18434264,0.60216683,0.28726253,
  0.03168498,0.72075355,0.50228375,0.8068051 ,0.30445915,0.4242654 ,
  0.129435  ,0.8163242 ,0.28726253,0.89495295,0.13180183,0.42965123,
  0.8512283 ,0.5630026 ,0.2454521 ,0.05185691,0.694905  ,0.50037026,
  0.03168498,0.13180183,0.15216547,0.8582574 ,0.01818102,0.35108536,
  0.3793219 ,0.8997802 ,0.6915685 ,0.80413646,0.72075355,0.42965123,
  0.8582574 ,0.35023844,0.22892721,0.40351546,0.32871413,0.5753009 ,
  0.32147145,0.32140693,0.50228375,0.8512283 ,0.01818102,0.22892721,
  0.34626332,0.19983847,0.6724321 ,0.3158539 ,0.2723492 ,0.9873605 ,
  0.8068051 ,0.5630026 ,0.35108536,0.40351546,0.19983847,0.87321854,
  0.8811797 ,0.72593606,0.45273387,0.46915236,0.30445915,0.2454521 ,
  0.3793219 ,0.32871413,0.6724321 ,0.8811797 ,0.8438753 ,0.18466213,
  0.7022486 ,0.604232  ,0.4242654 ,0.05185691,0.8997802 ,0.5753009 ,
  0.3158539 ,0.72593606,0.18466213,0.05933178},
{0.8906038 ,0.08922036,0.5095022 ,0.95205307,0.26683286,0.21296497,
  0.96672785,0.814136  ,0.5251497 ,0.04868446,0.08922036,0.06327947,
  0.55715466,0.12790075,0.93073094,0.9011771 ,0.7357344 ,0.78939086,
  0.76448923,0.4488996 ,0.5095022 ,0.55715466,0.19918248,0.33370215,
  0.09171317,0.614532  ,0.05279899,0.14675418,0.86674285,0.6667605 ,
  0.95205307,0.12790075,0.33370215,0.6665993 ,0.19327614,0.729138  ,
  0.01247502,0.2837229 ,0.8736862 ,0.1322672 ,0.26683286,0.93073094,
  0.09171317,0.19327614,0.9397894 ,0.35860667,0.19189237,0.42422011,
  0.66165984,0.47473672,0.21296497,0.9011771 ,0.614532  ,0.729138  ,
  0.35860667,0.911302  ,0.11033754,0.39947394,0.5679808 ,0.8005711 ,
  0.96672785,0.7357344 ,0.05279899,0.01247502,0.19189237,0.11033754,
  0.51445806,0.92230195,0.40223354,0.22881886,0.814136  ,0.78939086,
  0.14675418,0.2837229 ,0.42422011,0.39947394,0.92230195,0.6209054 ,
  0.64677536,0.7124393 ,0.5251497 ,0.76448923,0.86674285,0.8736862 ,
  0.66165984,0.5679808 ,0.40223354,0.64677536,0.09494156,0.8352438 ,
  0.04868446,0.4488996 ,0.6667605 ,0.1322672 ,0.47473672,0.8005711 ,
  0.22881886,0.7124393 ,0.8352438 ,0.14279287},
{0.41728905,0.96556175,0.9598992 ,0.47755584,0.71728885,0.97521186,
  0.08192936,0.41721335,0.39350936,0.00734603,0.96556175,0.7770785 ,
  0.3371253 ,0.6583288 ,0.43839386,0.37486053,0.24776289,0.5749386 ,
  0.84114784,0.52414817,0.9598992 ,0.3371253 ,0.26394448,0.8911589 ,
  0.57803476,0.94204706,0.5911955 ,0.5922253 ,0.50159454,0.9314265 ,
  0.47755584,0.6583288 ,0.8911589 ,0.80597717,0.68926877,0.91235876,
  0.20684415,0.09923846,0.78823155,0.8850447 ,0.71728885,0.43839386,
  0.57803476,0.68926877,0.44553024,0.982635  ,0.23088183,0.33964294,
  0.59587085,0.5442729 ,0.97521186,0.37486053,0.94204706,0.91235876,
  0.982635  ,0.980789  ,0.8166611 ,0.36415398,0.7948343 ,0.6990861 ,
  0.08192936,0.24776289,0.5911955 ,0.20684415,0.23088183,0.8166611 ,
  0.5669765 ,0.5611563 ,0.93863285,0.39387578,0.41721335,0.5749386 ,
  0.5922253 ,0.09923846,0.33964294,0.36415398,0.5611563 ,0.7009774 ,
  0.8664216 ,0.3554379 ,0.39350936,0.84114784,0.50159454,0.78823155,
  0.59587085,0.7948343 ,0.93863285,0.8664216 ,0.6037691 ,0.6903205 ,
  0.00734603,0.52414817,0.9314265 ,0.8850447 ,0.5442729 ,0.6990861 ,
  0.39387578,0.3554379 ,0.6903205 ,0.8918915 },
{0.90231615,0.5753553 ,0.40178183,0.4996349 ,0.2114459 ,0.34084702,
  0.6647625 ,0.22993337,0.38981736,0.7071331 ,0.5753553 ,0.1950761 ,
  0.11404502,0.06234763,0.9604819 ,0.32822877,0.3193999 ,0.73081684,
  0.21876022,0.03930587,0.40178183,0.11404502,0.57140934,0.71013063,
  0.4895512 ,0.57331896,0.15102983,0.5127607 ,0.9119399 ,0.29424852,
  0.4996349 ,0.06234763,0.71013063,0.41786882,0.93105537,0.81357193,
  0.3183464 ,0.7348281 ,0.01602059,0.85450506,0.2114459 ,0.9604819 ,
  0.4895512 ,0.93105537,0.847766  ,0.47355932,0.10733425,0.8049487 ,
  0.5902178 ,0.00514905,0.34084702,0.32822877,0.57331896,0.81357193,
  0.47355932,0.25451422,0.20164166,0.7897813 ,0.3196822 ,0.9137599 ,
  0.6647625 ,0.3193999 ,0.15102983,0.3183464 ,0.10733425,0.20164166,
  0.13063905,0.24111773,0.44883138,0.06594216,0.22993337,0.73081684,
  0.5127607 ,0.7348281 ,0.8049487 ,0.7897813 ,0.24111773,0.43758428,
  0.15537654,0.35989055,0.38981736,0.21876022,0.9119399 ,0.01602059,
  0.5902178 ,0.3196822 ,0.44883138,0.15537654,0.9910599 ,0.01882303,
  0.7071331 ,0.03930587,0.29424852,0.85450506,0.00514905,0.9137599 ,
  0.06594216,0.35989055,0.01882303,0.95870215},
{0.9775943 ,0.5973651 ,0.20542987,0.9874345 ,0.29762805,0.50401396,
  0.08467379,0.6335306 ,0.27586776,0.64882   ,0.5973651 ,0.42558372,
  0.8126663 ,0.25587392,0.55411506,0.08039087,0.24673542,0.75810903,
  0.45455867,0.9014551 ,0.20542987,0.8126663 ,0.651891  ,0.27879208,
  0.13473839,0.00431569,0.47558692,0.8847878 ,0.9591502 ,0.40113252,
  0.9874345 ,0.25587392,0.27879208,0.9520726 ,0.74092937,0.00508405,
  0.43523514,0.6939005 ,0.28941414,0.53643644,0.29762805,0.55411506,
  0.13473839,0.74092937,0.23595877,0.85722005,0.83028126,0.98668724,
  0.70488334,0.6124458 ,0.50401396,0.08039087,0.00431569,0.00508405,
  0.85722005,0.91519785,0.31219918,0.9847805 ,0.48379335,0.11516532,
  0.08467379,0.24673542,0.47558692,0.43523514,0.83028126,0.31219918,
  0.51327455,0.64432997,0.6023736 ,0.5560992 ,0.6335306 ,0.75810903,
  0.8847878 ,0.6939005 ,0.98668724,0.9847805 ,0.64432997,0.674615  ,
  0.30324307,0.7615355 ,0.27586776,0.45455867,0.9591502 ,0.28941414,
  0.70488334,0.48379335,0.6023736 ,0.30324307,0.3333996 ,0.9259388 ,
  0.64882   ,0.9014551 ,0.40113252,0.53643644,0.6124458 ,0.11516532,
  0.5560992 ,0.7615355 ,0.9259388 ,0.47994086},
{0.97870153,0.2799768 ,0.09473312,0.22832468,0.8392399 ,0.36111754,
  0.02008647,0.9156969 ,0.68038386,0.80129194,0.2799768 ,0.98441917,
  0.81113774,0.7565314 ,0.8337015 ,0.6158446 ,0.534666  ,0.57938755,
  0.39167118,0.63812083,0.09473312,0.81113774,0.71568227,0.55775446,
  0.64980876,0.7103156 ,0.6955546 ,0.72650534,0.11735513,0.03931386,
  0.22832468,0.7565314 ,0.55775446,0.556361  ,0.1413696 ,0.890602  ,
  0.8353663 ,0.13098179,0.19484681,0.59635377,0.8392399 ,0.8337015 ,
  0.64980876,0.1413696 ,0.3721794 ,0.03755637,0.8672939 ,0.79291654,
  0.23791917,0.60761374,0.36111754,0.6158446 ,0.7103156 ,0.890602  ,
  0.03755637,0.8880631 ,0.9392236 ,0.03829184,0.5502164 ,0.29557768,
  0.02008647,0.534666  ,0.6955546 ,0.8353663 ,0.8672939 ,0.9392236 ,
  0.3788066 ,0.12532583,0.17866942,0.11393764,0.9156969 ,0.57938755,
  0.72650534,0.13098179,0.79291654,0.03829184,0.12532583,0.59863204,
  0.52929664,0.1539012 ,0.68038386,0.39167118,0.11735513,0.19484681,
  0.23791917,0.5502164 ,0.17866942,0.52929664,0.30774882,0.08067647,
  0.80129194,0.63812083,0.03931386,0.59635377,0.60761374,0.29557768,
  0.11393764,0.1539012 ,0.08067647,0.2384117 },
{1.6087390e-04,9.7640151e-01,9.6750665e-01,4.0345013e-02,8.4408753e-02,
  4.4034470e-02,5.6537384e-01,2.0933755e-01,3.2397702e-01,6.2724990e-01,
  9.7640151e-01,5.5101407e-01,4.9545330e-01,2.8222361e-01,7.8757310e-01,
  7.9723783e-02,5.6744732e-02,8.2625932e-01,3.6513466e-02,3.1129059e-01,
  9.6750665e-01,4.9545330e-01,8.0984378e-01,7.3221987e-01,2.4451989e-01,
  1.9441074e-01,4.0507960e-01,8.6626101e-01,3.8544908e-01,3.1612188e-01,
  4.0345013e-02,2.8222361e-01,7.3221987e-01,7.5144947e-01,7.4849352e-02,
  3.5339236e-01,8.8952458e-01,1.8638089e-01,3.6959490e-01,9.8624212e-01,
  8.4408753e-02,7.8757310e-01,2.4451989e-01,7.4849352e-02,9.6782243e-01,
  2.7067545e-01,1.1992438e-01,2.8408554e-01,1.2064320e-02,3.7200239e-01,
  4.4034470e-02,7.9723783e-02,1.9441074e-01,3.5339236e-01,2.7067545e-01,
  5.9239340e-01,7.5597978e-01,6.7323044e-02,5.6242126e-01,5.2850980e-01,
  5.6537384e-01,5.6744732e-02,4.0507960e-01,8.8952458e-01,1.1992438e-01,
  7.5597978e-01,4.3912116e-01,8.0104333e-01,9.3238479e-01,9.9596941e-01,
  2.0933755e-01,8.2625932e-01,8.6626101e-01,1.8638089e-01,2.8408554e-01,
  6.7323044e-02,8.0104333e-01,1.0846932e-02,6.6346186e-01,3.0788928e-01,
  3.2397702e-01,3.6513466e-02,3.8544908e-01,3.6959490e-01,1.2064320e-02,
  5.6242126e-01,9.3238479e-01,6.6346186e-01,7.8981107e-01,2.6961467e-01,
  6.2724990e-01,3.1129059e-01,3.1612188e-01,9.8624212e-01,3.7200239e-01,
  5.2850980e-01,9.9596941e-01,3.0788928e-01,2.6961467e-01,8.6089396e-01},
{0.2844815 ,0.83667475,0.7890791 ,0.7357314 ,0.46626467,0.5995206 ,
  0.08100022,0.816508  ,0.39429912,0.9332671 ,0.83667475,0.9062221 ,
  0.01330343,0.10361259,0.43288746,0.49652404,0.9651772 ,0.23114683,
  0.43269187,0.32840246,0.7890791 ,0.01330343,0.11954848,0.7540619 ,
  0.46883702,0.6046519 ,0.01555275,0.17782468,0.1516156 ,0.5397374 ,
  0.7357314 ,0.10361259,0.7540619 ,0.13179058,0.06078536,0.9568924 ,
  0.47732455,0.42756864,0.48614204,0.13231583,0.46626467,0.43288746,
  0.46883702,0.06078536,0.29672256,0.28568843,0.82623   ,0.82561195,
  0.27143183,0.2572681 ,0.5995206 ,0.49652404,0.6046519 ,0.9568924 ,
  0.28568843,0.4408247 ,0.69649464,0.02772781,0.45250016,0.84934944,
  0.08100022,0.9651772 ,0.01555275,0.47732455,0.82623   ,0.69649464,
  0.89626646,0.09299231,0.9190968 ,0.5624983 ,0.816508  ,0.23114683,
  0.17782468,0.42756864,0.82561195,0.02772781,0.09299231,0.6796787 ,
  0.7238724 ,0.04671233,0.39429912,0.43269187,0.1516156 ,0.48614204,
  0.27143183,0.45250016,0.9190968 ,0.7238724 ,0.8195579 ,0.7424868 ,
  0.9332671 ,0.32840246,0.5397374 ,0.13231583,0.2572681 ,0.84934944,
  0.5624983 ,0.04671233,0.7424868 ,0.6579201 },
{0.66539055,0.86639404,0.36108822,0.4454055 ,0.44854692,0.9606817 ,
  0.1747556 ,0.77280307,0.44942424,0.5723922 ,0.86639404,0.74222904,
  0.941809  ,0.04960474,0.82076883,0.26436228,0.08389878,0.8777    ,
  0.4834641 ,0.8943351 ,0.36108822,0.941809  ,0.8118023 ,0.545875  ,
  0.9579407 ,0.979964  ,0.06271058,0.18762484,0.8427385 ,0.5080119 ,
  0.4454055 ,0.04960474,0.545875  ,0.63056725,0.63571346,0.77361506,
  0.30358693,0.6912149 ,0.9299856 ,0.90840656,0.44854692,0.82076883,
  0.9579407 ,0.63571346,0.35376403,0.9436202 ,0.8274474 ,0.7732357 ,
  0.63273126,0.43032628,0.9606817 ,0.26436228,0.979964  ,0.77361506,
  0.9436202 ,0.981698  ,0.37089393,0.7663387 ,0.49651837,0.25249565,
  0.1747556 ,0.08389878,0.06271058,0.30358693,0.8274474 ,0.37089393,
  0.2749114 ,0.45083344,0.7166078 ,0.45023817,0.77280307,0.8777    ,
  0.18762484,0.6912149 ,0.7732357 ,0.7663387 ,0.45083344,0.02208937,
  0.92130435,0.02523572,0.44942424,0.4834641 ,0.8427385 ,0.9299856 ,
  0.63273126,0.49651837,0.7166078 ,0.92130435,0.43661717,0.6664918 ,
  0.5723922 ,0.8943351 ,0.5080119 ,0.90840656,0.43032628,0.25249565,
  0.45023817,0.02523572,0.6664918 ,0.77223134},
{0.06155725,0.9256828 ,0.44923848,0.6032552 ,0.05436435,0.569878  ,
  0.5490493 ,0.51802146,0.664051  ,0.53306836,0.9256828 ,0.01685893,
  0.8163457 ,0.71432096,0.1572054 ,0.7378021 ,0.8860023 ,0.47321793,
  0.9307713 ,0.7270714 ,0.44923848,0.8163457 ,0.48054957,0.5600921 ,
  0.15748395,0.47605774,0.7445738 ,0.84147966,0.86843807,0.17613453,
  0.6032552 ,0.71432096,0.5600921 ,0.84851795,0.6032152 ,0.9002906 ,
  0.33521038,0.2989758 ,0.14791322,0.06559234,0.05436435,0.1572054 ,
