float input_vector[10][16] = {{0.5094413 ,0.20722888,0.3142702 ,0.5591509 ,0.20722888,0.55229837,
  0.8519461 ,0.14546269,0.3142702 ,0.8519461 ,0.05120251,0.8276713 ,
  0.5591509 ,0.14546269,0.8276713 ,0.90519136},
{0.37353957,0.413267  ,0.17567648,0.36789814,0.413267  ,0.73947513,
  0.29926044,0.02616706,0.17567648,0.29926044,0.06560501,0.62067866,
  0.36789814,0.02616706,0.62067866,0.53776485},
{0.53568953,0.5813798 ,0.04067951,0.37986282,0.5813798 ,0.93408036,
  0.10954981,0.6664242 ,0.04067951,0.10954981,0.11392481,0.36472005,
  0.37986282,0.6664242 ,0.36472005,0.7130311 },
{0.47861856,0.24361086,0.30184126,0.861953  ,0.24361086,0.92710924,
  0.49704108,0.7852045 ,0.30184126,0.49704108,0.15514053,0.94953513,
  0.861953  ,0.7852045 ,0.94953513,0.3906474 },
{0.38972586,0.51618713,0.04072247,0.60918397,0.51618713,0.9305912 ,
  0.44188467,0.8121098 ,0.04072247,0.44188467,0.6142326 ,0.8717261 ,
  0.60918397,0.8121098 ,0.8717261 ,0.8405973 },
{0.2788989 ,0.86910427,0.05521116,0.9399078 ,0.86910427,0.16895565,
  0.36142597,0.01362042,0.05521116,0.36142597,0.24902451,0.7595667 ,
  0.9399078 ,0.01362042,0.7595667 ,0.51439804},
{0.91295445,0.2850468 ,0.96272737,0.51518786,0.2850468 ,0.23659156,
  0.7913942 ,0.08793861,0.96272737,0.7913942 ,0.6385555 ,0.81953454,
  0.51518786,0.08793861,0.81953454,0.17559633},
{0.7270913 ,0.468175  ,0.0853266 ,0.72630787,0.468175  ,0.3903253 ,
  0.31432706,0.16186272,0.0853266 ,0.31432706,0.53731793,0.23292409,
  0.72630787,0.16186272,0.23292409,0.21679017},
{0.2347895 ,0.49899969,0.59346217,0.7635912 ,0.49899969,0.98224837,
  0.96315986,0.9286134 ,0.59346217,0.96315986,0.97723216,0.99493927,
  0.7635912 ,0.9286134 ,0.99493927,0.02674529},
{0.25917944,0.53441155,0.18183665,0.33155668,0.53441155,0.764278  ,
  0.376164  ,0.6983957 ,0.18183665,0.376164  ,0.44745353,0.45968893,
  0.33155668,0.6983957 ,0.45968893,0.4702613 },
};