float input_vector[1000][16] = {{0.2596151 ,0.54904866,0.34037542,0.9923689 ,0.54904866,0.548809  ,
  0.21193196,0.16483118,0.34037542,0.21193196,0.9213652 ,0.97477645,
  0.9923689 ,0.16483118,0.97477645,0.30865735},
{0.04151726,0.33981526,0.89626575,0.66877645,0.33981526,0.31536183,
  0.25153378,0.19681112,0.89626575,0.25153378,0.24595867,0.59535325,
  0.66877645,0.19681112,0.59535325,0.8433154 },
{0.5127719 ,0.11554907,0.01517278,0.9022669 ,0.11554907,0.35570475,
  0.5011521 ,0.7734715 ,0.01517278,0.5011521 ,0.659078  ,0.12013423,
  0.9022669 ,0.7734715 ,0.12013423,0.4131868 },
{0.70419765,0.3423661 ,0.42579156,0.11296639,0.3423661 ,0.62428844,
  0.5502588 ,0.4849976 ,0.42579156,0.5502588 ,0.9846116 ,0.8235314 ,
  0.11296639,0.4849976 ,0.8235314 ,0.8534068 },
{0.07151552,0.484604  ,0.6506497 ,0.2637111 ,0.484604  ,0.30179793,
  0.94708836,0.38548818,0.6506497 ,0.94708836,0.12719743,0.38457045,
  0.2637111 ,0.38548818,0.38457045,0.7191304 },
{0.9826359 ,0.946146  ,0.04588034,0.7688805 ,0.946146  ,0.12252583,
  0.9802327 ,0.05253854,0.04588034,0.9802327 ,0.09183975,0.6555305 ,
  0.7688805 ,0.05253854,0.6555305 ,0.82841235},
{0.9890781 ,0.93469524,0.20628974,0.76359814,0.93469524,0.5966841 ,
  0.44248748,0.32583603,0.20628974,0.44248748,0.89394367,0.4689538 ,
  0.76359814,0.32583603,0.4689538 ,0.997067  },
{0.0890816 ,0.8572225 ,0.46305004,0.80621815,0.8572225 ,0.00849989,
  0.09318874,0.4608487 ,0.46305004,0.09318874,0.198959  ,0.15412803,
  0.80621815,0.4608487 ,0.15412803,0.48312876},
{0.5221842 ,0.74023265,0.7020323 ,0.87416893,0.74023265,0.28158942,
  0.14903529,0.11633931,0.7020323 ,0.14903529,0.1772528 ,0.9049201 ,
  0.87416893,0.11633931,0.9049201 ,0.7995116 },
{0.9598102 ,0.01961757,0.8349471 ,0.6709145 ,0.01961757,0.02903421,
  0.2785841 ,0.09814682,0.8349471 ,0.2785841 ,0.82496667,0.7260838 ,
  0.6709145 ,0.09814682,0.7260838 ,0.82440144},
{0.3300194 ,0.38222206,0.22052036,0.7741452 ,0.38222206,0.66188836,
  0.85444564,0.10958949,0.22052036,0.85444564,0.9106446 ,0.06954841,
  0.7741452 ,0.10958949,0.06954841,0.45504272},
{0.91910833,0.05967966,0.8780371 ,0.31277853,0.05967966,0.7416785 ,
  0.24654087,0.22642143,0.8780371 ,0.24654087,0.96249855,0.71818864,
  0.31277853,0.22642143,0.71818864,0.929252  },
{0.55496955,0.08388775,0.46361303,0.55026835,0.08388775,0.182792  ,
  0.9637815 ,0.49451372,0.46361303,0.9637815 ,0.25360113,0.20250562,
  0.55026835,0.49451372,0.20250562,0.91158265},
{0.4648952 ,0.46225908,0.25333694,0.22264227,0.46225908,0.25387445,
  0.75967354,0.40802756,0.25333694,0.75967354,0.524536  ,0.3505521 ,
  0.22264227,0.40802756,0.3505521 ,0.55809003},
{0.6132023 ,0.23863919,0.0883686 ,0.07210892,0.23863919,0.24371952,
  0.27137113,0.38764673,0.0883686 ,0.27137113,0.32933822,0.9248676 ,
  0.07210892,0.38764673,0.9248676 ,0.06829327},
{0.89627373,0.9858189 ,0.37852594,0.6455606 ,0.9858189 ,0.90362495,
  0.32578078,0.48200342,0.37852594,0.32578078,0.59068555,0.37879598,
  0.6455606 ,0.48200342,0.37879598,0.03848248},
{0.74160516,0.8951807 ,0.6861929 ,0.49112082,0.8951807 ,0.6991199 ,
  0.63831085,0.99759954,0.6861929 ,0.63831085,0.58789617,0.81698006,
  0.49112082,0.99759954,0.81698006,0.7999986 },
{0.5294441 ,0.33667243,0.2432628 ,0.81293577,0.33667243,0.39803806,
  0.46870273,0.7856348 ,0.2432628 ,0.46870273,0.5289953 ,0.49470899,
  0.81293577,0.7856348 ,0.49470899,0.20998125},
{0.54720503,0.5809131 ,0.48258844,0.66365004,0.5809131 ,0.52313054,
  0.30237803,0.48046404,0.48258844,0.30237803,0.96663207,0.20613857,
  0.66365004,0.48046404,0.20613857,0.78893125},
{0.64839023,0.3010197 ,0.55743706,0.09707012,0.3010197 ,0.9092223 ,
  0.4410134 ,0.73187745,0.55743706,0.4410134 ,0.8471155 ,0.97324556,
  0.09707012,0.73187745,0.97324556,0.47246236},
{0.08202415,0.07676295,0.7050801 ,0.01796694,0.07676295,0.76757807,
  0.81033576,0.19680361,0.7050801 ,0.81033576,0.12012745,0.01878853,
  0.01796694,0.19680361,0.01878853,0.2482887 },
{0.8642057 ,0.20313872,0.24256706,0.83472574,0.20313872,0.6349342 ,
  0.1071091 ,0.0611419 ,0.24256706,0.1071091 ,0.45891586,0.5111547 ,
  0.83472574,0.0611419 ,0.5111547 ,0.44257703},
{0.64211094,0.60180026,0.16621143,0.57403576,0.60180026,0.1215703 ,
  0.0549784 ,0.3658346 ,0.16621143,0.0549784 ,0.8854716 ,0.31328157,
  0.57403576,0.3658346 ,0.31328157,0.44785586},
{0.5024124 ,0.17623578,0.6225556 ,0.2562534 ,0.17623578,0.77462465,
  0.9827853 ,0.568961  ,0.6225556 ,0.9827853 ,0.40388885,0.69239867,
  0.2562534 ,0.568961  ,0.69239867,0.42591748},
{0.42345786,0.00885339,0.26296493,0.26620185,0.00885339,0.24936663,
  0.7431933 ,0.7218839 ,0.26296493,0.7431933 ,0.3277957 ,0.89160365,
  0.26620185,0.7218839 ,0.89160365,0.09629095},
{0.10459307,0.17963685,0.38103423,0.03122405,0.17963685,0.37467778,
  0.8162936 ,0.8369088 ,0.38103423,0.8162936 ,0.7058672 ,0.29082212,
  0.03122405,0.8369088 ,0.29082212,0.80826896},
{0.7439472 ,0.78672796,0.7410616 ,0.92741597,0.78672796,0.39813632,
  0.5835845 ,0.90363467,0.7410616 ,0.5835845 ,0.9148987 ,0.37792537,
  0.92741597,0.90363467,0.37792537,0.3128753 },
{0.40748274,0.5533953 ,0.43514597,0.96746624,0.5533953 ,0.27240723,
  0.7041099 ,0.42943168,0.43514597,0.7041099 ,0.92916805,0.624451  ,
  0.96746624,0.42943168,0.624451  ,0.8438301 },
{0.6848346 ,0.2620397 ,0.74116844,0.7768445 ,0.2620397 ,0.36781415,
  0.2163978 ,0.6249055 ,0.74116844,0.2163978 ,0.54272723,0.60422724,
  0.7768445 ,0.6249055 ,0.60422724,0.88847196},
{0.20157078,0.77712786,0.05653557,0.67850894,0.77712786,0.3077593 ,
  0.5489169 ,0.70703423,0.05653557,0.5489169 ,0.13470311,0.08250663,
  0.67850894,0.70703423,0.08250663,0.02083583},
{0.956512  ,0.19772993,0.13415158,0.00399288,0.19772993,0.37315387,
  0.5890006 ,0.07327132,0.13415158,0.5890006 ,0.39598706,0.2784643 ,
  0.00399288,0.07327132,0.2784643 ,0.14262314},
{0.48507178,0.9083579 ,0.11347061,0.9366347 ,0.9083579 ,0.92695254,
  0.05710335,0.81521934,0.11347061,0.05710335,0.3913613 ,0.4082052 ,
  0.9366347 ,0.81521934,0.4082052 ,0.6552985 },
{0.14019439,0.01087349,0.7526448 ,0.87853074,0.01087349,0.533817  ,
  0.7048856 ,0.5530471 ,0.7526448 ,0.7048856 ,0.67857766,0.35478613,
  0.87853074,0.5530471 ,0.35478613,0.672546  },
{0.02931889,0.2786227 ,0.31093293,0.9436354 ,0.2786227 ,0.59617996,
  0.6777727 ,0.5743731 ,0.31093293,0.6777727 ,0.63037425,0.48313016,
  0.9436354 ,0.5743731 ,0.48313016,0.593824  },
{0.2532689 ,0.8015124 ,0.87437814,0.62552005,0.8015124 ,0.6177326 ,
  0.9095893 ,0.79965526,0.87437814,0.9095893 ,0.32376182,0.65775543,
  0.62552005,0.79965526,0.65775543,0.69750404},
{0.31067958,0.12655422,0.9656997 ,0.0461323 ,0.12655422,0.11832522,
  0.4506463 ,0.8606951 ,0.9656997 ,0.4506463 ,0.35877597,0.23629123,
  0.0461323 ,0.8606951 ,0.23629123,0.51010007},
{0.72315395,0.84053814,0.78437084,0.25008887,0.84053814,0.31871775,
  0.78164923,0.83666736,0.78437084,0.78164923,0.35023713,0.9052918 ,
  0.25008887,0.83666736,0.9052918 ,0.5979751 },
{0.4278017 ,0.24890333,0.4507498 ,0.7292221 ,0.24890333,0.47916797,
  0.99777293,0.5593004 ,0.4507498 ,0.99777293,0.63126385,0.36589125,
  0.7292221 ,0.5593004 ,0.36589125,0.6998049 },
{0.5096845 ,0.04733002,0.14887805,0.10887679,0.04733002,0.72548574,
  0.54185396,0.54025453,0.14887805,0.54185396,0.16181342,0.40315875,
  0.10887679,0.54025453,0.40315875,0.62797105},
{0.52817553,0.01080521,0.8504885 ,0.41439673,0.01080521,0.20243396,
  0.23784995,0.72598386,0.8504885 ,0.23784995,0.517022  ,0.13487083,
  0.41439673,0.72598386,0.13487083,0.08139265},
{0.48002264,0.26281998,0.26669624,0.57955354,0.26281998,0.9826773 ,
  0.78553456,0.8975106 ,0.26669624,0.78553456,0.45264462,0.67754143,
  0.57955354,0.8975106 ,0.67754143,0.36434746},
{0.4288135 ,0.23904717,0.6593772 ,0.3766576 ,0.23904717,0.47838905,
  0.55135125,0.8364623 ,0.6593772 ,0.55135125,0.89165884,0.3683327 ,
  0.3766576 ,0.8364623 ,0.3683327 ,0.25727305},
{0.8777996 ,0.49805292,0.18166296,0.15473789,0.49805292,0.74317294,
  0.7989137 ,0.7647037 ,0.18166296,0.7989137 ,0.2545406 ,0.698367  ,
  0.15473789,0.7647037 ,0.698367  ,0.11690633},
{0.31295907,0.44187143,0.28891408,0.7004181 ,0.44187143,0.5730174 ,
  0.549754  ,0.46702138,0.28891408,0.549754  ,0.5438345 ,0.39216617,
  0.7004181 ,0.46702138,0.39216617,0.6425224 },
{0.9891699 ,0.19522801,0.37004805,0.56200325,0.19522801,0.848176  ,
  0.10441343,0.54484063,0.37004805,0.10441343,0.1510883 ,0.5102053 ,
  0.56200325,0.54484063,0.5102053 ,0.72127306},
{0.15936258,0.08584844,0.66583186,0.28452954,0.08584844,0.36992723,
  0.528579  ,0.46257856,0.66583186,0.528579  ,0.64339966,0.21614346,
  0.28452954,0.46257856,0.21614346,0.6183365 },
{0.23229578,0.8171566 ,0.33918923,0.62808585,0.8171566 ,0.5524298 ,
  0.07685035,0.2817702 ,0.33918923,0.07685035,0.9843555 ,0.52306914,
  0.62808585,0.2817702 ,0.52306914,0.27984193},
{0.586103  ,0.26305756,0.02775402,0.35854718,0.26305756,0.00744933,
  0.66155905,0.51798034,0.02775402,0.66155905,0.07136855,0.5981478 ,
  0.35854718,0.51798034,0.5981478 ,0.64769775},
{0.8659857 ,0.31901923,0.24730027,0.6845643 ,0.31901923,0.19182946,
  0.72048056,0.49816757,0.24730027,0.72048056,0.07459197,0.4302121 ,
  0.6845643 ,0.49816757,0.4302121 ,0.620889  },
{0.72196066,0.10711317,0.81339407,0.9273973 ,0.10711317,0.89686877,
  0.759176  ,0.7505405 ,0.81339407,0.759176  ,0.53598994,0.5863206 ,
  0.9273973 ,0.7505405 ,0.5863206 ,0.4611816 },
{0.61925566,0.44339713,0.7952121 ,0.0278051 ,0.44339713,0.1407589 ,
  0.4674329 ,0.81197137,0.7952121 ,0.4674329 ,0.6707091 ,0.50578904,
  0.0278051 ,0.81197137,0.50578904,0.5994141 },
{0.37594166,0.4257937 ,0.6702036 ,0.40671015,0.4257937 ,0.6248795 ,
  0.5942273 ,0.03836658,0.6702036 ,0.5942273 ,0.38352928,0.06231884,
  0.40671015,0.03836658,0.06231884,0.83665115},
{0.8198218 ,0.24627918,0.54372144,0.24819367,0.24627918,0.590881  ,
  0.70230395,0.3998252 ,0.54372144,0.70230395,0.16911143,0.95338094,
  0.24819367,0.3998252 ,0.95338094,0.8262566 },
{0.3936907 ,0.6898345 ,0.67001575,0.41875842,0.6898345 ,0.06964371,
  0.4283186 ,0.6543135 ,0.67001575,0.4283186 ,0.9327251 ,0.6743295 ,
  0.41875842,0.6543135 ,0.6743295 ,0.45731178},
{0.43305328,0.99975795,0.2265178 ,0.48118618,0.99975795,0.94049466,
  0.04195465,0.25912774,0.2265178 ,0.04195465,0.5469691 ,0.7664511 ,
  0.48118618,0.25912774,0.7664511 ,0.27118042},
{0.76450765,0.7956325 ,0.13126291,0.12183388,0.7956325 ,0.5624251 ,
  0.99089134,0.07045527,0.13126291,0.99089134,0.03844166,0.67603767,
  0.12183388,0.07045527,0.67603767,0.60874486},
{0.07847792,0.9127372 ,0.62993556,0.03771097,0.9127372 ,0.4407268 ,
  0.9144399 ,0.3173071 ,0.62993556,0.9144399 ,0.88597965,0.08396248,
  0.03771097,0.3173071 ,0.08396248,0.92043585},
{0.7969821 ,0.5448972 ,0.90456355,0.00771329,0.5448972 ,0.2657861 ,
  0.4410193 ,0.7576697 ,0.90456355,0.4410193 ,0.71200275,0.12476297,
  0.00771329,0.7576697 ,0.12476297,0.16019909},
{0.11931878,0.5772388 ,0.31791517,0.9383086 ,0.5772388 ,0.2176487 ,
  0.11552858,0.6109566 ,0.31791517,0.11552858,0.25817373,0.19688456,
  0.9383086 ,0.6109566 ,0.19688456,0.23533243},
{0.41025695,0.5912155 ,0.1300965 ,0.03367536,0.5912155 ,0.08168606,
  0.6240571 ,0.2600434 ,0.1300965 ,0.6240571 ,0.06788987,0.49447343,
  0.03367536,0.2600434 ,0.49447343,0.35629353},
{0.40197316,0.1302005 ,0.85890055,0.48218954,0.1302005 ,0.46120775,
  0.05501242,0.6471617 ,0.85890055,0.05501242,0.14505754,0.57860386,
  0.48218954,0.6471617 ,0.57860386,0.16319406},
{0.25604606,0.44848028,0.36656535,0.7745117 ,0.44848028,0.3933321 ,
  0.08179293,0.03853433,0.36656535,0.08179293,0.90963477,0.5533102 ,
  0.7745117 ,0.03853433,0.5533102 ,0.11719791},
{0.16766956,0.9752398 ,0.8005621 ,0.8332159 ,0.9752398 ,0.9996153 ,
  0.24686322,0.31499305,0.8005621 ,0.24686322,0.0908207 ,0.73235035,
  0.8332159 ,0.31499305,0.73235035,0.24189885},
{0.6036673 ,0.68112653,0.7803123 ,0.559438  ,0.68112653,0.95482504,
  0.88284975,0.74513227,0.7803123 ,0.88284975,0.5356572 ,0.5513215 ,
  0.559438  ,0.74513227,0.5513215 ,0.29459754},
{0.297615  ,0.26256415,0.23044457,0.6944461 ,0.26256415,0.7364438 ,
  0.6281043 ,0.55838084,0.23044457,0.6281043 ,0.69185144,0.9977481 ,
  0.6944461 ,0.55838084,0.9977481 ,0.5859989 },
{0.43570858,0.40181252,0.12799476,0.2653822 ,0.40181252,0.35314927,
  0.8114146 ,0.8827386 ,0.12799476,0.8114146 ,0.29957142,0.51079684,
  0.2653822 ,0.8827386 ,0.51079684,0.41083196},
{0.5892103 ,0.77968276,0.3029276 ,0.37277728,0.77968276,0.5551489 ,
  0.115554  ,0.02472498,0.3029276 ,0.115554  ,0.44282222,0.01240556,
  0.37277728,0.02472498,0.01240556,0.4754276 },
{0.14874038,0.921196  ,0.91894436,0.8167399 ,0.921196  ,0.46431458,
  0.04952764,0.7925715 ,0.91894436,0.04952764,0.6611341 ,0.69234276,
  0.8167399 ,0.7925715 ,0.69234276,0.6001615 },
{0.96584874,0.7643609 ,0.33511126,0.18478183,0.7643609 ,0.51281124,
  0.00775522,0.47369114,0.33511126,0.00775522,0.387769  ,0.9052514 ,
  0.18478183,0.47369114,0.9052514 ,0.6189439 },
{0.09575032,0.08639285,0.36521217,0.41722286,0.08639285,0.04509255,
  0.49813172,0.06803252,0.36521217,0.49813172,0.19962008,0.89498323,
  0.41722286,0.06803252,0.89498323,0.9786736 },
{0.2970478 ,0.08553845,0.8275991 ,0.4842153 ,0.08553845,0.29121238,
  0.6331152 ,0.609579  ,0.8275991 ,0.6331152 ,0.42903435,0.8877032 ,
  0.4842153 ,0.609579  ,0.8877032 ,0.7090445 },
{0.3707331 ,0.1496433 ,0.5387365 ,0.24118997,0.1496433 ,0.47327024,
  0.8268711 ,0.2913115 ,0.5387365 ,0.8268711 ,0.9547883 ,0.8704713 ,
  0.24118997,0.2913115 ,0.8704713 ,0.26460102},
{0.5445945 ,0.39438027,0.99985296,0.8175732 ,0.39438027,0.17421053,
  0.34794393,0.30901945,0.99985296,0.34794393,0.40210718,0.39358112,
  0.8175732 ,0.30901945,0.39358112,0.46761417},
{0.5405673 ,0.55661786,0.64137155,0.65227336,0.55661786,0.7129313 ,
  0.92186856,0.7055129 ,0.64137155,0.92186856,0.95915556,0.9923175 ,
  0.65227336,0.7055129 ,0.9923175 ,0.03045418},
{0.74635094,0.6127807 ,0.07931249,0.03453308,0.6127807 ,0.10740544,
  0.49249676,0.32796204,0.07931249,0.49249676,0.4926996 ,0.4175499 ,
  0.03453308,0.32796204,0.4175499 ,0.37229428},
{0.35449716,0.02250373,0.21079975,0.12261292,0.02250373,0.83458966,
  0.10249896,0.21379715,0.21079975,0.10249896,0.94172317,0.15728447,
  0.12261292,0.21379715,0.15728447,0.24424039},
{0.08958405,0.6714315 ,0.9194311 ,0.25013253,0.6714315 ,0.7969656 ,
  0.06347248,0.53415525,0.9194311 ,0.06347248,0.9387358 ,0.33514693,
  0.25013253,0.53415525,0.33514693,0.94198257},
{0.49316347,0.26110548,0.82284933,0.9405615 ,0.26110548,0.01514311,
  0.77917   ,0.67358476,0.82284933,0.77917   ,0.00679972,0.6432314 ,
  0.9405615 ,0.67358476,0.6432314 ,0.34345642},
{0.9591107 ,0.28100076,0.6844938 ,0.46378356,0.28100076,0.35380372,
  0.01781466,0.9789364 ,0.6844938 ,0.01781466,0.9405619 ,0.67713237,
  0.46378356,0.9789364 ,0.67713237,0.00285613},
{0.16600604,0.66915035,0.08773902,0.42836982,0.66915035,0.4549105 ,
  0.16030233,0.56026167,0.08773902,0.16030233,0.8628818 ,0.68187475,
  0.42836982,0.56026167,0.68187475,0.9522608 },
{0.6282976 ,0.7703972 ,0.17282924,0.38586363,0.7703972 ,0.61436516,
  0.15510952,0.22375594,0.17282924,0.15510952,0.22598611,0.9685721 ,
  0.38586363,0.22375594,0.9685721 ,0.37255198},
{0.54803663,0.68027055,0.31390634,0.70395386,0.68027055,0.7028499 ,
  0.4355574 ,0.04820633,0.31390634,0.4355574 ,0.13462283,0.17206481,
  0.70395386,0.04820633,0.17206481,0.9802146 },
{0.21943682,0.01929739,0.20920716,0.53365225,0.01929739,0.2768049 ,
  0.7613114 ,0.61048084,0.20920716,0.7613114 ,0.27922392,0.20134678,
  0.53365225,0.61048084,0.20134678,0.45320553},
{0.6444141 ,0.6596665 ,0.5460646 ,0.84984684,0.6596665 ,0.879936  ,
  0.3064751 ,0.54757714,0.5460646 ,0.3064751 ,0.5191245 ,0.49296242,
  0.84984684,0.54757714,0.49296242,0.28737894},
{0.17041482,0.47718412,0.9209812 ,0.9085879 ,0.47718412,0.03416161,
  0.9030942 ,0.02667189,0.9209812 ,0.9030942 ,0.8323479 ,0.58032596,
  0.9085879 ,0.02667189,0.58032596,0.33338898},
{0.6838816 ,0.4639614 ,0.65632004,0.7076847 ,0.4639614 ,0.36355463,
  0.54130226,0.05498971,0.65632004,0.54130226,0.6486081 ,0.9777833 ,
  0.7076847 ,0.05498971,0.9777833 ,0.8577943 },
{0.18877125,0.0905208 ,0.42110637,0.75149435,0.0905208 ,0.8324085 ,
  0.61849815,0.8117413 ,0.42110637,0.61849815,0.90296406,0.70379543,
  0.75149435,0.8117413 ,0.70379543,0.8419337 },
{0.21401265,0.7343184 ,0.45793188,0.65329236,0.7343184 ,0.71380484,
  0.84761935,0.56975025,0.45793188,0.84761935,0.25656083,0.984567  ,
  0.65329236,0.56975025,0.984567  ,0.58795154},
{0.34404176,0.89548934,0.28450978,0.3051304 ,0.89548934,0.35340768,
  0.25841603,0.19754201,0.28450978,0.25841603,0.4975922 ,0.47489884,
  0.3051304 ,0.19754201,0.47489884,0.06147542},
{0.85254234,0.667498  ,0.07908915,0.84952885,0.667498  ,0.52987534,
  0.07978934,0.22072896,0.07908915,0.07978934,0.13094856,0.27845934,
  0.84952885,0.22072896,0.27845934,0.31267482},
{0.19216178,0.8643608 ,0.15836847,0.59108484,0.8643608 ,0.9094119 ,
  0.7228849 ,0.36341277,0.15836847,0.7228849 ,0.89396703,0.0017468 ,
  0.59108484,0.36341277,0.0017468 ,0.715941  },
{0.13244306,0.9715469 ,0.30965653,0.19992058,0.9715469 ,0.2647402 ,
  0.2640844 ,0.6290151 ,0.30965653,0.2640844 ,0.32787195,0.60053873,
  0.19992058,0.6290151 ,0.60053873,0.67102224},
{0.7745958 ,0.9452414 ,0.7064145 ,0.41856155,0.9452414 ,0.40960705,
  0.0547044 ,0.82663006,0.7064145 ,0.0547044 ,0.6207063 ,0.53837436,
  0.41856155,0.82663006,0.53837436,0.6789797 },
{0.35687423,0.37677127,0.1115705 ,0.238877  ,0.37677127,0.8547215 ,
  0.20712952,0.98291045,0.1115705 ,0.20712952,0.6252304 ,0.36023942,
  0.238877  ,0.98291045,0.36023942,0.54303706},
{0.89535975,0.70348024,0.85773224,0.6035633 ,0.70348024,0.86044776,
  0.61860305,0.56817496,0.85773224,0.61860305,0.03250056,0.15961663,
  0.6035633 ,0.56817496,0.15961663,0.35931626},
{0.69484425,0.493393  ,0.91669214,0.6079984 ,0.493393  ,0.695729  ,
  0.38239983,0.25033355,0.91669214,0.38239983,0.3112496 ,0.5837398 ,
  0.6079984 ,0.25033355,0.5837398 ,0.13129748},
{0.20901547,0.9620506 ,0.9518766 ,0.48565328,0.9620506 ,0.91023725,
  0.07138302,0.5352296 ,0.9518766 ,0.07138302,0.7728954 ,0.65301853,
  0.48565328,0.5352296 ,0.65301853,0.9983712 },
{0.31596798,0.6864342 ,0.13732651,0.83809566,0.6864342 ,0.1888908 ,
  0.17135029,0.25242454,0.13732651,0.17135029,0.77823395,0.6537743 ,
  0.83809566,0.25242454,0.6537743 ,0.58370155},
{0.27576366,0.9984097 ,0.02103203,0.7832555 ,0.9984097 ,0.0957092 ,
  0.43640828,0.40856335,0.02103203,0.43640828,0.4009299 ,0.27280957,
  0.7832555 ,0.40856335,0.27280957,0.38085553},
{0.997069  ,0.6465641 ,0.93602157,0.65506417,0.6465641 ,0.11765086,
  0.58798593,0.32771438,0.93602157,0.58798593,0.6441448 ,0.9092554 ,
  0.65506417,0.32771438,0.9092554 ,0.9381458 },
{0.8293884 ,0.9269829 ,0.40069318,0.16686685,0.9269829 ,0.998992  ,
  0.9486696 ,0.00556534,0.40069318,0.9486696 ,0.6210989 ,0.14816651,
  0.16686685,0.00556534,0.14816651,0.59024644},
{0.5812382 ,0.294168  ,0.64807326,0.4218018 ,0.294168  ,0.11435549,
  0.07198601,0.8241127 ,0.64807326,0.07198601,0.98167497,0.7790568 ,
  0.4218018 ,0.8241127 ,0.7790568 ,0.9033128 },
{0.5158833 ,0.1217512 ,0.24569693,0.06924328,0.1217512 ,0.08162218,
  0.16061509,0.34257105,0.24569693,0.16061509,0.8834985 ,0.7238769 ,
  0.06924328,0.34257105,0.7238769 ,0.37958694},
{0.20393981,0.52575254,0.837668  ,0.19491674,0.52575254,0.5808941 ,
  0.58443266,0.26839596,0.837668  ,0.58443266,0.17136833,0.45299047,
  0.19491674,0.26839596,0.45299047,0.16313042},
{0.03079302,0.28973114,0.13697739,0.4807134 ,0.28973114,0.61755264,
  0.49296123,0.43618947,0.13697739,0.49296123,0.30106992,0.43863586,
  0.4807134 ,0.43618947,0.43863586,0.7116756 },
{0.03783753,0.6839608 ,0.9979331 ,0.31425217,0.6839608 ,0.11296064,
  0.05022752,0.96410376,0.9979331 ,0.05022752,0.32035822,0.79860693,
  0.31425217,0.96410376,0.79860693,0.0169071 },
{0.7347417 ,0.9779099 ,0.3451948 ,0.2911482 ,0.9779099 ,0.9053444 ,
  0.54018587,0.9459272 ,0.3451948 ,0.54018587,0.8941796 ,0.5912564 ,
  0.2911482 ,0.9459272 ,0.5912564 ,0.7608421 },
{0.16345374,0.22431144,0.07302372,0.39381176,0.22431144,0.3064027 ,
  0.5682138 ,0.9845765 ,0.07302372,0.5682138 ,0.79330564,0.8365135 ,
  0.39381176,0.9845765 ,0.8365135 ,0.71234024},
{0.44081628,0.5505387 ,0.685962  ,0.28002623,0.5505387 ,0.36861545,
  0.8796907 ,0.35178825,0.685962  ,0.8796907 ,0.00700332,0.43082777,
  0.28002623,0.35178825,0.43082777,0.08193257},
{0.5796082 ,0.28309506,0.3539813 ,0.11461462,0.28309506,0.8967338 ,
  0.8306535 ,0.01380413,0.3539813 ,0.8306535 ,0.6854646 ,0.8602168 ,
  0.11461462,0.01380413,0.8602168 ,0.4441217 },
{0.10787228,0.45188382,0.23788606,0.4911228 ,0.45188382,0.5359827 ,
  0.7402719 ,0.0100444 ,0.23788606,0.7402719 ,0.05167367,0.17477271,
  0.4911228 ,0.0100444 ,0.17477271,0.9084781 },
{0.05328365,0.3615685 ,0.20940143,0.45664808,0.3615685 ,0.89139384,
  0.8137362 ,0.7304021 ,0.20940143,0.8137362 ,0.26490495,0.12407408,
  0.45664808,0.7304021 ,0.12407408,0.6053676 },
{0.05581441,0.92799264,0.61327267,0.4708463 ,0.92799264,0.92883754,
  0.5699504 ,0.27824   ,0.61327267,0.5699504 ,0.16174664,0.3381963 ,
  0.4708463 ,0.27824   ,0.3381963 ,0.38239244},
{0.52838486,0.29534093,0.98408425,0.92945015,0.29534093,0.8644194 ,
  0.21668462,0.3111906 ,0.98408425,0.21668462,0.51675296,0.8940856 ,
  0.92945015,0.3111906 ,0.8940856 ,0.5436482 },
{0.95540494,0.39203838,0.512743  ,0.7628877 ,0.39203838,0.93353385,
  0.50786716,0.6657738 ,0.512743  ,0.50786716,0.40843976,0.3647233 ,
  0.7628877 ,0.6657738 ,0.3647233 ,0.04876572},
{0.31017813,0.06080358,0.33828503,0.26172134,0.06080358,0.01994872,
  0.24499926,0.6817179 ,0.33828503,0.24499926,0.5577022 ,0.64278287,
  0.26172134,0.6817179 ,0.64278287,0.99682516},
{0.63640606,0.04441917,0.69252324,0.08042981,0.04441917,0.9406001 ,
  0.5980259 ,0.84531486,0.69252324,0.5980259 ,0.09807928,0.6481009 ,
  0.08042981,0.84531486,0.6481009 ,0.1445792 },
{0.5042325 ,0.97012883,0.75480795,0.5821545 ,0.97012883,0.4374125 ,
  0.9099213 ,0.9127558 ,0.75480795,0.9099213 ,0.18360834,0.05844876,
  0.5821545 ,0.9127558 ,0.05844876,0.3002945 },
{0.01824333,0.5138971 ,0.66034114,0.8616031 ,0.5138971 ,0.12175838,
  0.91337365,0.31290042,0.66034114,0.91337365,0.06046061,0.46703494,
  0.8616031 ,0.31290042,0.46703494,0.24964915},
{0.12697135,0.07179279,0.23427576,0.660691  ,0.07179279,0.20864901,
  0.49790272,0.48198146,0.23427576,0.49790272,0.10710161,0.6366613 ,
  0.660691  ,0.48198146,0.6366613 ,0.02683271},
{0.70234466,0.18831488,0.25278834,0.04492434,0.18831488,0.92434585,
  0.896595  ,0.73112714,0.25278834,0.896595  ,0.5408194 ,0.2672892 ,
  0.04492434,0.73112714,0.2672892 ,0.17311749},
{0.61961824,0.74160075,0.32149035,0.7471229 ,0.74160075,0.7793982 ,
  0.22519898,0.21864583,0.32149035,0.22519898,0.07819267,0.52368915,
  0.7471229 ,0.21864583,0.52368915,0.8399384 },
{0.8166025 ,0.3410258 ,0.20660526,0.424344  ,0.3410258 ,0.3384723 ,
  0.86376536,0.60745215,0.20660526,0.86376536,0.6837021 ,0.08428682,
  0.424344  ,0.60745215,0.08428682,0.07838509},
{0.82245046,0.53705865,0.8631573 ,0.6116532 ,0.53705865,0.9512164 ,
  0.01565911,0.6950192 ,0.8631573 ,0.01565911,0.16349472,0.7646683 ,
  0.6116532 ,0.6950192 ,0.7646683 ,0.19026688},
{0.6921097 ,0.39416468,0.16154443,0.4563707 ,0.39416468,0.05918755,
  0.9563426 ,0.3101572 ,0.16154443,0.9563426 ,0.53500026,0.5121048 ,
  0.4563707 ,0.3101572 ,0.5121048 ,0.48998237},
{0.8706284 ,0.18526252,0.16317704,0.83297473,0.18526252,0.19501233,
  0.07266331,0.82472754,0.16317704,0.07266331,0.58086246,0.94448596,
  0.83297473,0.82472754,0.94448596,0.7512921 },
{0.7280493 ,0.50535405,0.13800846,0.62669796,0.50535405,0.6846903 ,
  0.5017274 ,0.10545378,0.13800846,0.5017274 ,0.25987932,0.03005832,
  0.62669796,0.10545378,0.03005832,0.6311654 },
{0.53478414,0.11612443,0.8042743 ,0.4664533 ,0.11612443,0.1665127 ,
  0.608757  ,0.14008635,0.8042743 ,0.608757  ,0.03038965,0.7231048 ,
  0.4664533 ,0.14008635,0.7231048 ,0.28899467},
{0.93776315,0.00919683,0.00654941,0.7757439 ,0.00919683,0.32377443,
  0.09505925,0.05183173,0.00654941,0.09505925,0.28028557,0.8288575 ,
  0.7757439 ,0.05183173,0.8288575 ,0.74380356},
{0.67152375,0.9599161 ,0.36892906,0.4512539 ,0.9599161 ,0.41279674,
  0.6434496 ,0.12179413,0.36892906,0.6434496 ,0.8944752 ,0.6115027 ,
  0.4512539 ,0.12179413,0.6115027 ,0.6081379 },
{0.1484998 ,0.7196518 ,0.6747393 ,0.5888284 ,0.7196518 ,0.46839803,
  0.36977258,0.02510232,0.6747393 ,0.36977258,0.4006463 ,0.9347334 ,
  0.5888284 ,0.02510232,0.9347334 ,0.80034775},
{0.99402213,0.21167453,0.70277   ,0.9236071 ,0.21167453,0.876575  ,
  0.54733866,0.42843398,0.70277   ,0.54733866,0.31196836,0.13913833,
  0.9236071 ,0.42843398,0.13913833,0.7690448 },
{0.6534009 ,0.40267187,0.5671042 ,0.97316396,0.40267187,0.2078149 ,
  0.6985644 ,0.74980175,0.5671042 ,0.6985644 ,0.23136026,0.32041308,
  0.97316396,0.74980175,0.32041308,0.66810256},
{0.15050232,0.58667046,0.38838044,0.7206315 ,0.58667046,0.01406181,
  0.46609586,0.5723082 ,0.38838044,0.46609586,0.66077906,0.9456771 ,
  0.7206315 ,0.5723082 ,0.9456771 ,0.10155477},
{0.0946975 ,0.12445447,0.3655887 ,0.765849  ,0.12445447,0.06177441,
  0.786335  ,0.93695956,0.3655887 ,0.786335  ,0.4648764 ,0.8034917 ,
  0.765849  ,0.93695956,0.8034917 ,0.7289561 },
{0.01024102,0.44374046,0.9906189 ,0.47971407,0.44374046,0.85070455,
  0.70124435,0.8344056 ,0.9906189 ,0.70124435,0.9619352 ,0.8085455 ,
  0.47971407,0.8344056 ,0.8085455 ,0.72970814},
{0.4480044 ,0.00907206,0.03474389,0.7338731 ,0.00907206,0.04473791,
  0.40400845,0.83565515,0.03474389,0.40400845,0.3927641 ,0.5928545 ,
  0.7338731 ,0.83565515,0.5928545 ,0.4083877 },
{0.47063342,0.4570017 ,0.13275257,0.7463339 ,0.4570017 ,0.40808013,
  0.4037409 ,0.5453884 ,0.13275257,0.4037409 ,0.60468173,0.07185651,
  0.7463339 ,0.5453884 ,0.07185651,0.1803895 },
{0.42083418,0.84539276,0.6704526 ,0.4805823 ,0.84539276,0.4050809 ,
  0.8293238 ,0.85205793,0.6704526 ,0.8293238 ,0.04345311,0.31682578,
  0.4805823 ,0.85205793,0.31682578,0.31206933},
{0.48378375,0.74815655,0.6656837 ,0.6129274 ,0.74815655,0.20573296,
  0.62493306,0.17417563,0.6656837 ,0.62493306,0.8263953 ,0.07402767,
  0.6129274 ,0.17417563,0.07402767,0.28668407},
{0.07119412,0.14568754,0.17927955,0.6967692 ,0.14568754,0.82966244,
  0.92166525,0.50351506,0.17927955,0.92166525,0.2641799 ,0.6722043 ,
  0.6967692 ,0.50351506,0.6722043 ,0.11226396},
{0.27252656,0.44872013,0.7410416 ,0.56517506,0.44872013,0.06424281,
  0.00165288,0.35114276,0.7410416 ,0.00165288,0.9503276 ,0.19300334,
  0.56517506,0.35114276,0.19300334,0.657456  },
{0.8192343 ,0.6863338 ,0.10629985,0.28355345,0.6863338 ,0.94267166,
  0.05944752,0.11491878,0.10629985,0.05944752,0.02561601,0.00959518,
  0.28355345,0.11491878,0.00959518,0.8038013 },
{0.19036691,0.7593314 ,0.3103394 ,0.02495468,0.7593314 ,0.8792001 ,
  0.72535527,0.77648246,0.3103394 ,0.72535527,0.52913374,0.51584816,
  0.02495468,0.77648246,0.51584816,0.55696344},
{0.4056738 ,0.6297429 ,0.8031142 ,0.00414314,0.6297429 ,0.67121756,
  0.84730786,0.08048238,0.8031142 ,0.84730786,0.2865815 ,0.32400414,
  0.00414314,0.08048238,0.32400414,0.5384553 },
{0.564057  ,0.99615306,0.48282984,0.21181521,0.99615306,0.3807345 ,
  0.7671111 ,0.69195753,0.48282984,0.7671111 ,0.27170432,0.15954427,
  0.21181521,0.69195753,0.15954427,0.05581161},
{0.2224809 ,0.9604418 ,0.98305875,0.55258286,0.9604418 ,0.55259   ,
  0.8098654 ,0.37089247,0.98305875,0.8098654 ,0.08827215,0.81210303,
  0.55258286,0.37089247,0.81210303,0.6165941 },
{0.4940027 ,0.01749568,0.91040623,0.3546904 ,0.01749568,0.74115956,
  0.51869607,0.64652133,0.91040623,0.51869607,0.14215185,0.9994725 ,
  0.3546904 ,0.64652133,0.9994725 ,0.9910089 },
{0.895291  ,0.422085  ,0.87428504,0.03769525,0.422085  ,0.6334585 ,
  0.53064615,0.14669614,0.87428504,0.53064615,0.7896099 ,0.861303  ,
  0.03769525,0.14669614,0.861303  ,0.50064117},
{0.3703374 ,0.6450617 ,0.17518193,0.73581415,0.6450617 ,0.15029773,
  0.9860656 ,0.2989522 ,0.17518193,0.9860656 ,0.6489988 ,0.2209528 ,
  0.73581415,0.2989522 ,0.2209528 ,0.90474355},
{0.51752764,0.8451991 ,0.9606759 ,0.30086356,0.8451991 ,0.5605044 ,
  0.4339677 ,0.49493253,0.9606759 ,0.4339677 ,0.21740583,0.95419973,
  0.30086356,0.49493253,0.95419973,0.98953974},
{0.1671461 ,0.32804385,0.22647707,0.899713  ,0.32804385,0.4366159 ,
  0.09780209,0.69774544,0.22647707,0.09780209,0.7802139 ,0.99907076,
  0.899713  ,0.69774544,0.99907076,0.36138242},
{0.04117867,0.40529206,0.12340171,0.43501997,0.40529206,0.7215879 ,
  0.23539299,0.38517153,0.12340171,0.23539299,0.17924859,0.80823123,
  0.43501997,0.38517153,0.80823123,0.6702199 },
{0.34019125,0.08821504,0.89699805,0.530603  ,0.08821504,0.695707  ,
  0.26143473,0.35777867,0.89699805,0.26143473,0.20860921,0.7307701 ,
  0.530603  ,0.35777867,0.7307701 ,0.8944539 },
{0.25051782,0.21552333,0.12937051,0.8377808 ,0.21552333,0.23072852,
  0.27921155,0.5057601 ,0.12937051,0.27921155,0.27597702,0.5886767 ,
  0.8377808 ,0.5057601 ,0.5886767 ,0.7735267 },
{0.4544795 ,0.42830804,0.43080726,0.42510524,0.42830804,0.9383343 ,
  0.4894596 ,0.8397873 ,0.43080726,0.4894596 ,0.88401663,0.38593617,
  0.42510524,0.8397873 ,0.38593617,0.05944795},
{0.4785012 ,0.24229614,0.85246056,0.03828304,0.24229614,0.81717485,
  0.40752771,0.38001716,0.85246056,0.40752771,0.23143785,0.7266471 ,
  0.03828304,0.38001716,0.7266471 ,0.5990677 },
{0.6077897 ,0.42942715,0.98269904,0.79964024,0.42942715,0.48194656,
  0.7580301 ,0.5002119 ,0.98269904,0.7580301 ,0.04991026,0.93735677,
  0.79964024,0.5002119 ,0.93735677,0.2807495 },
{0.72140115,0.39248443,0.4893178 ,0.5806539 ,0.39248443,0.64878   ,
  0.1181238 ,0.20831162,0.4893178 ,0.1181238 ,0.70679265,0.8049689 ,
  0.5806539 ,0.20831162,0.8049689 ,0.44372794},
{0.42454994,0.24675107,0.72314423,0.60714644,0.24675107,0.9840632 ,
  0.3183218 ,0.83607244,0.72314423,0.3183218 ,0.4638715 ,0.02632026,
  0.60714644,0.83607244,0.02632026,0.4102801 },
{0.53659713,0.9133437 ,0.6322884 ,0.86719656,0.9133437 ,0.6906031 ,
  0.3695919 ,0.46806347,0.6322884 ,0.3695919 ,0.80590844,0.21864295,
  0.86719656,0.46806347,0.21864295,0.63628274},
{0.37090266,0.8728359 ,0.186019  ,0.30496642,0.8728359 ,0.7590914 ,
  0.19119093,0.6972849 ,0.186019  ,0.19119093,0.06733679,0.3800093 ,
  0.30496642,0.6972849 ,0.3800093 ,0.7495392 },
{0.24731192,0.26454118,0.66154575,0.1639166 ,0.26454118,0.18161635,
  0.1943583 ,0.23405221,0.66154575,0.1943583 ,0.11995477,0.66023815,
  0.1639166 ,0.23405221,0.66023815,0.49557462},
{0.06575621,0.6456374 ,0.6553405 ,0.1573897 ,0.6456374 ,0.66791874,
  0.6407939 ,0.02211196,0.6553405 ,0.6407939 ,0.18150234,0.12255492,
  0.1573897 ,0.02211196,0.12255492,0.8055112 },
{0.87522537,0.6033604 ,0.17801698,0.53453714,0.6033604 ,0.03652653,
  0.9420466 ,0.07127389,0.17801698,0.9420466 ,0.5484214 ,0.22638282,
  0.53453714,0.07127389,0.22638282,0.73430735},
{0.3800997 ,0.36697176,0.03614873,0.4791008 ,0.36697176,0.46635813,
  0.72063196,0.44321197,0.03614873,0.72063196,0.586958  ,0.5327405 ,
  0.4791008 ,0.44321197,0.5327405 ,0.2698528 },
{0.44177252,0.3075445 ,0.17081496,0.99460894,0.3075445 ,0.186303  ,
  0.40065053,0.9286389 ,0.17081496,0.40065053,0.4655604 ,0.6387736 ,
  0.99460894,0.9286389 ,0.6387736 ,0.48885655},
{0.21256909,0.23560904,0.91278744,0.96846706,0.23560904,0.34153593,
  0.1048502 ,0.36954874,0.91278744,0.1048502 ,0.0915542 ,0.05985028,
  0.96846706,0.36954874,0.05985028,0.8794206 },
{0.926317  ,0.60586864,0.01113948,0.16225152,0.60586864,0.8246701 ,
  0.28583246,0.29003787,0.01113948,0.28583246,0.80648327,0.06921605,
  0.16225152,0.29003787,0.06921605,0.69877344},
{0.7533211 ,0.928468  ,0.27469048,0.7383817 ,0.928468  ,0.28862143,
  0.15468363,0.85794145,0.27469048,0.15468363,0.5803767 ,0.9901293 ,
  0.7383817 ,0.85794145,0.9901293 ,0.39288965},
{0.6872641 ,0.01275826,0.8152474 ,0.9995604 ,0.01275826,0.07813522,
  0.05071348,0.6428428 ,0.8152474 ,0.05071348,0.99175733,0.34902835,
  0.9995604 ,0.6428428 ,0.34902835,0.33176023},
{0.35378844,0.25982514,0.02069965,0.3323689 ,0.25982514,0.13218267,
  0.70545983,0.18874532,0.02069965,0.70545983,0.7138321 ,0.66360354,
  0.3323689 ,0.18874532,0.66360354,0.8162982 },
{0.35112444,0.15323943,0.62999225,0.6944925 ,0.15323943,0.07861755,
  0.28800502,0.9807851 ,0.62999225,0.28800502,0.5765669 ,0.1474358 ,
  0.6944925 ,0.9807851 ,0.1474358 ,0.9339626 },
{0.53852147,0.8879504 ,0.27678984,0.79725295,0.8879504 ,0.97048897,
  0.47318733,0.40809995,0.27678984,0.47318733,0.5644046 ,0.5925444 ,
  0.79725295,0.40809995,0.5925444 ,0.10015891},
{0.32781503,0.39093712,0.08137263,0.46783677,0.39093712,0.0749399 ,
  0.67402935,0.8069454 ,0.08137263,0.67402935,0.41193345,0.5352728 ,
  0.46783677,0.8069454 ,0.5352728 ,0.16693327},
{0.12416378,0.15168302,0.8670784 ,0.9874473 ,0.15168302,0.7419495 ,
  0.6072277 ,0.66555816,0.8670784 ,0.6072277 ,0.30961803,0.59960234,
  0.9874473 ,0.66555816,0.59960234,0.02321423},
{0.0657102 ,0.41415247,0.4002428 ,0.9315831 ,0.41415247,0.5794071 ,
  0.40497974,0.6072796 ,0.4002428 ,0.40497974,0.75376254,0.63669896,
  0.9315831 ,0.6072796 ,0.63669896,0.00864559},
{0.7477545 ,0.2985974 ,0.6049174 ,0.2550571 ,0.2985974 ,0.7597423 ,
  0.14617689,0.02364284,0.6049174 ,0.14617689,0.9267307 ,0.8708162 ,
  0.2550571 ,0.02364284,0.8708162 ,0.6742786 },
{0.6569007 ,0.32229143,0.69197935,0.7877279 ,0.32229143,0.02387404,
  0.5171009 ,0.10743295,0.69197935,0.5171009 ,0.9860291 ,0.65152687,
  0.7877279 ,0.10743295,0.65152687,0.7760138 },
{0.7949893 ,0.99224573,0.53811705,0.31092036,0.99224573,0.06283472,
  0.33285123,0.05539194,0.53811705,0.33285123,0.6228713 ,0.34778854,
  0.31092036,0.05539194,0.34778854,0.69234335},
{0.3438344 ,0.06869033,0.06417476,0.3231361 ,0.06869033,0.5195837 ,
  0.96034694,0.19518055,0.06417476,0.96034694,0.16127989,0.7240317 ,
  0.3231361 ,0.19518055,0.7240317 ,0.684539  },
{0.48896044,0.7209953 ,0.60962284,0.68906844,0.7209953 ,0.7938865 ,
  0.582528  ,0.35473165,0.60962284,0.582528  ,0.58121955,0.37718916,
  0.68906844,0.35473165,0.37718916,0.5828833 },
{0.5900065 ,0.93963325,0.73530126,0.30471727,0.93963325,0.9135608 ,
  0.6623979 ,0.70525897,0.73530126,0.6623979 ,0.06194039,0.6930092 ,
  0.30471727,0.70525897,0.6930092 ,0.87200546},
{0.07938362,0.01223659,0.96230245,0.13024169,0.01223659,0.37309286,
  0.24789624,0.35412005,0.96230245,0.24789624,0.474503  ,0.40019602,
  0.13024169,0.35412005,0.40019602,0.70253855},
{0.33967313,0.63828176,0.04780545,0.81960255,0.63828176,0.2158625 ,
  0.690039  ,0.44100308,0.04780545,0.690039  ,0.45362446,0.7427227 ,
  0.81960255,0.44100308,0.7427227 ,0.89271563},
{0.00786621,0.1711097 ,0.561178  ,0.13906115,0.1711097 ,0.7087295 ,
  0.83165824,0.4633292 ,0.561178  ,0.83165824,0.00324442,0.33781624,
  0.13906115,0.4633292 ,0.33781624,0.817413  },
{0.14849746,0.5929871 ,0.37998745,0.24921332,0.5929871 ,0.9198942 ,
  0.86608124,0.95316905,0.37998745,0.86608124,0.76476973,0.955836  ,
  0.24921332,0.95316905,0.955836  ,0.5901096 },
{0.9544052 ,0.06978089,0.19876224,0.5331546 ,0.06978089,0.7264217 ,
  0.90849483,0.48315278,0.19876224,0.90849483,0.3896793 ,0.22060281,
  0.5331546 ,0.48315278,0.22060281,0.61861116},
{0.07542905,0.08066138,0.26309803,0.86151034,0.08066138,0.31971094,
  0.18383428,0.36087766,0.26309803,0.18383428,0.15249027,0.32156312,
  0.86151034,0.36087766,0.32156312,0.6614717 },
{0.62753123,0.05797591,0.543995  ,0.50173867,0.05797591,0.11157107,
  0.6001289 ,0.01716109,0.543995  ,0.6001289 ,0.8227714 ,0.7963309 ,
  0.50173867,0.01716109,0.7963309 ,0.2622826 },
{0.6739003 ,0.80156946,0.29648688,0.54885757,0.80156946,0.61242133,
  0.01217645,0.47887716,0.29648688,0.01217645,0.6624803 ,0.06683935,
  0.54885757,0.47887716,0.06683935,0.5791335 },
{0.5359164 ,0.4317583 ,0.81807065,0.56021994,0.4317583 ,0.7665768 ,
  0.9027212 ,0.9008961 ,0.81807065,0.9027212 ,0.7868092 ,0.76236105,
  0.56021994,0.9008961 ,0.76236105,0.4851625 },
{0.89992195,0.64972126,0.42827293,0.18405302,0.64972126,0.14746156,
  0.09550696,0.30361047,0.42827293,0.09550696,0.3644746 ,0.37035906,
  0.18405302,0.30361047,0.37035906,0.29398885},
{0.84724545,0.877457  ,0.983411  ,0.513039  ,0.877457  ,0.5628366 ,
  0.01904975,0.97589624,0.983411  ,0.01904975,0.3705759 ,0.01129899,
  0.513039  ,0.97589624,0.01129899,0.47281033},
{0.78240573,0.3819459 ,0.28226894,0.300456  ,0.3819459 ,0.69483924,
  0.04209927,0.7759689 ,0.28226894,0.04209927,0.88975155,0.253074  ,
  0.300456  ,0.7759689 ,0.253074  ,0.16833612},
{0.29563615,0.7938266 ,0.72524816,0.91710526,0.7938266 ,0.618858  ,
  0.6521318 ,0.92242366,0.72524816,0.6521318 ,0.50223196,0.40080896,
  0.91710526,0.92242366,0.40080896,0.97203535},
{0.29717526,0.90943587,0.9789319 ,0.1771884 ,0.90943587,0.31317273,
  0.96582055,0.09319915,0.9789319 ,0.96582055,0.5102446 ,0.6705741 ,
  0.1771884 ,0.09319915,0.6705741 ,0.663535  },
{0.62702507,0.52682936,0.11197721,0.44759938,0.52682936,0.67286974,
  0.07167423,0.62953013,0.11197721,0.07167423,0.49677035,0.10476169,
  0.44759938,0.62953013,0.10476169,0.00153051},
{0.70809406,0.9439876 ,0.92655635,0.5374499 ,0.9439876 ,0.70011944,
  0.00101244,0.1383565 ,0.92655635,0.00101244,0.44097024,0.15972999,
  0.5374499 ,0.1383565 ,0.15972999,0.48114902},
{0.10318904,0.6667352 ,0.837154  ,0.5553364 ,0.6667352 ,0.25426853,
  0.2217017 ,0.47839507,0.837154  ,0.2217017 ,0.1251163 ,0.3158738 ,
  0.5553364 ,0.47839507,0.3158738 ,0.45299235},
{0.37146991,0.3999589 ,0.09620203,0.09778339,0.3999589 ,0.49409586,
  0.6636131 ,0.53435725,0.09620203,0.6636131 ,0.53361845,0.03778261,
  0.09778339,0.53435725,0.03778261,0.04810443},
{0.20444103,0.4835212 ,0.35957164,0.67148185,0.4835212 ,0.39969802,
  0.7820805 ,0.9298847 ,0.35957164,0.7820805 ,0.4015517 ,0.14129311,
  0.67148185,0.9298847 ,0.14129311,0.5778627 },
{0.60056436,0.63936436,0.43143123,0.7708649 ,0.63936436,0.9772384 ,
  0.8732443 ,0.73867196,0.43143123,0.8732443 ,0.57990015,0.7662672 ,
  0.7708649 ,0.73867196,0.7662672 ,0.98563045},
{0.03325412,0.13291904,0.72798383,0.02437073,0.13291904,0.02940704,
  0.13912582,0.84260046,0.72798383,0.13912582,0.20471025,0.2882235 ,
  0.02437073,0.84260046,0.2882235 ,0.15254782},
{0.59150237,0.661863  ,0.02262678,0.00211275,0.661863  ,0.5502415 ,
  0.87167245,0.6940903 ,0.02262678,0.87167245,0.4236972 ,0.6678246 ,
  0.00211275,0.6940903 ,0.6678246 ,0.36064637},
{0.6126638 ,0.6157877 ,0.23269811,0.9445258 ,0.6157877 ,0.9909704 ,
  0.19035195,0.1121104 ,0.23269811,0.19035195,0.18760473,0.33666328,
  0.9445258 ,0.1121104 ,0.33666328,0.12286078},
{0.10902141,0.21905161,0.93597704,0.12135854,0.21905161,0.0622763 ,
  0.5670615 ,0.26115704,0.93597704,0.5670615 ,0.3746021 ,0.20097695,
  0.12135854,0.26115704,0.20097695,0.9772363 },
{0.09794041,0.26954424,0.15725686,0.66153187,0.26954424,0.48323867,
  0.00877177,0.7574903 ,0.15725686,0.00877177,0.2071825 ,0.1595568 ,
  0.66153187,0.7574903 ,0.1595568 ,0.92065364},
{0.8505764 ,0.14620818,0.86934966,0.05431801,0.14620818,0.55975556,
  0.45147887,0.665699  ,0.86934966,0.45147887,0.25108317,0.3118689 ,
  0.05431801,0.665699  ,0.3118689 ,0.93757546},
{0.55050206,0.72736645,0.42206064,0.27316484,0.72736645,0.7711131 ,
  0.59618807,0.15925665,0.42206064,0.59618807,0.51791567,0.84140056,
  0.27316484,0.15925665,0.84140056,0.49633336},
{0.47053918,0.6467284 ,0.35218844,0.04358023,0.6467284 ,0.16844869,
  0.8445897 ,0.6141787 ,0.35218844,0.8445897 ,0.9280615 ,0.16042224,
  0.04358023,0.6141787 ,0.16042224,0.11258245},
{0.12642413,0.9277493 ,0.2959013 ,0.37763298,0.9277493 ,0.3461886 ,
  0.28259292,0.82915026,0.2959013 ,0.28259292,0.1662493 ,0.73228085,
  0.37763298,0.82915026,0.73228085,0.83540404},
{0.71852833,0.18938576,0.8572029 ,0.5251869 ,0.18938576,0.9426289 ,
  0.07249501,0.65161073,0.8572029 ,0.07249501,0.5451846 ,0.35828102,
  0.5251869 ,0.65161073,0.35828102,0.35188705},
{0.83734345,0.45572543,0.1963215 ,0.7237011 ,0.45572543,0.4588836 ,
  0.11482853,0.28048167,0.1963215 ,0.11482853,0.4468932 ,0.4134195 ,
  0.7237011 ,0.28048167,0.4134195 ,0.7556687 },
{0.69085443,0.10447929,0.9929266 ,0.55605805,0.10447929,0.7109576 ,
  0.67490155,0.68393445,0.9929266 ,0.67490155,0.4616364 ,0.4973148 ,
  0.55605805,0.68393445,0.4973148 ,0.7736836 },
{0.56933916,0.5299586 ,0.33011577,0.19249219,0.5299586 ,0.8379453 ,
  0.7882905 ,0.46429402,0.33011577,0.7882905 ,0.51662505,0.7915935 ,
  0.19249219,0.46429402,0.7915935 ,0.9536449 },
